1.00000e-06 1.46715e-04 0.00000e+00
1.17681e-06 1.28542e-04 0.00000e+00
1.38489e-06 1.09870e-04 0.00000e+00
1.62975e-06 9.83036e-05 0.00000e+00
1.91791e-06 8.24609e-05 0.00000e+00
2.25702e-06 6.62135e-05 0.00000e+00
2.65609e-06 5.83179e-05 0.00000e+00
3.12572e-06 4.96528e-05 0.00000e+00
3.67838e-06 4.57344e-05 0.00000e+00
4.32876e-06 3.80158e-05 0.00000e+00
5.09414e-06 3.04769e-05 0.00000e+00
5.99484e-06 2.50835e-05 0.00000e+00
7.05480e-06 2.17138e-05 0.00000e+00
8.30218e-06 1.68164e-05 0.00000e+00
9.77010e-06 1.52103e-05 0.00000e+00
1.14976e-05 1.35523e-05 0.00000e+00
1.35305e-05 1.06595e-05 0.00000e+00
1.59228e-05 8.23922e-06 0.00000e+00
1.87382e-05 7.35709e-06 0.00000e+00
2.20513e-05 6.81234e-06 0.00000e+00
2.59502e-05 5.32508e-06 0.00000e+00
3.05386e-05 4.67310e-06 0.00000e+00
3.59381e-05 3.17436e-06 0.00000e+00
4.22924e-05 3.02945e-06 0.00000e+00
4.97702e-05 2.72804e-06 0.00000e+00
5.85702e-05 2.46588e-06 0.00000e+00
6.89261e-05 2.34922e-06 0.00000e+00
8.11131e-05 1.60177e-06 0.00000e+00
9.54548e-05 1.39890e-06 0.00000e+00
1.12332e-04 1.15995e-06 0.00000e+00
1.32194e-04 1.08727e-06 0.00000e+00
1.55568e-04 8.35637e-07 0.00000e+00
1.83074e-04 8.06242e-07 0.00000e+00
2.15443e-04 6.13422e-07 0.00000e+00
2.53536e-04 5.54140e-07 0.00000e+00
2.98365e-04 5.77024e-07 0.00000e+00
3.51119e-04 3.69396e-07 0.00000e+00
4.13201e-04 3.28378e-07 0.00000e+00
4.86260e-04 2.99827e-07 0.00000e+00
5.72237e-04 2.29593e-07 0.00000e+00
6.73415e-04 2.15059e-07 0.00000e+00
7.92483e-04 2.17699e-07 0.00000e+00
9.32603e-04 1.52756e-07 0.00000e+00
1.09750e-03 1.27918e-07 0.00000e+00
1.29155e-03 9.77790e-08 0.00000e+00
1.51991e-03 1.01155e-07 0.00000e+00
1.78865e-03 8.71922e-08 0.00000e+00
2.10490e-03 7.01112e-08 0.00000e+00
2.47708e-03 5.12322e-08 0.00000e+00
2.91505e-03 4.64597e-08 0.00000e+00
3.43047e-03 4.19930e-08 0.00000e+00
4.03702e-03 4.00705e-08 0.00000e+00
4.75081e-03 2.57035e-08 0.00000e+00
5.59081e-03 2.93185e-08 0.00000e+00
6.57933e-03 2.28286e-08 1.29599e-11
7.74264e-03 1.92157e-08 1.62355e-10
9.11163e-03 1.79770e-08 2.85537e-10
1.07227e-02 1.53638e-08 3.83653e-10
1.26186e-02 9.61545e-09 4.60465e-10
1.48497e-02 1.10061e-08 5.17139e-10
1.74753e-02 7.67527e-09 5.57995e-10
2.05651e-02 6.78917e-09 5.85060e-10
2.42013e-02 6.66792e-09 5.98568e-10
2.84804e-02 5.15113e-09 5.74957e-10
3.35160e-02 3.73316e-09 5.27034e-10
3.94421e-02 3.83169e-09 4.69731e-10
4.64159e-02 2.75564e-09 4.07545e-10
5.46228e-02 2.10439e-09 3.41336e-10
6.42807e-02 2.17851e-09 2.76377e-10
7.56463e-02 1.04807e-09 2.11851e-10
8.90215e-02 9.42473e-10 1.55955e-10
1.04762e-01 4.71387e-10 1.10745e-10
1.23285e-01 4.52808e-10 7.60180e-11
1.45083e-01 3.63526e-10 5.79900e-11
1.70735e-01 2.02005e-10 4.59933e-11
2.00923e-01 1.25345e-10 3.55027e-11
2.36449e-01 6.03522e-11 2.65280e-11
2.78256e-01 3.08724e-11 1.91189e-11
3.27455e-01 1.10842e-11 1.32284e-11
3.85353e-01 4.36243e-12 8.71574e-12
4.53488e-01 1.02068e-12 5.41104e-12
5.33670e-01 3.14480e-13 3.14513e-12
6.28029e-01 1.14025e-13 1.70737e-12
7.39072e-01 2.23412e-14 8.66002e-13
8.69749e-01 8.89423e-15 4.22086e-13
1.02353e+00 5.03809e-15 2.44802e-13
1.20450e+00 3.33170e-15 8.64151e-14
1.41747e+00 2.24096e-15 2.31599e-14
1.66810e+00 1.51253e-15 5.64040e-15
1.96304e+00 1.02340e-15 3.41875e-15
2.31013e+00 6.93730e-16 2.15871e-15
2.71859e+00 4.70614e-16 1.43490e-15
3.19927e+00 3.19612e-16 9.60936e-16
3.76494e+00 2.17399e-16 6.46779e-16
4.43062e+00 1.47953e-16 4.36973e-16
5.21401e+00 1.00822e-16 2.96078e-16
6.13591e+00 6.87650e-17 2.01108e-16
7.22081e+00 4.69482e-17 1.36886e-16
8.49753e+00 3.20688e-17 9.32841e-17
1.00000e+01 2.19108e-17 6.36387e-17
