1.00000e-06 9.43019e-04 0.00000e+00
1.09699e-06 8.76493e-04 0.00000e+00
1.20338e-06 8.05907e-04 0.00000e+00
1.32009e-06 7.39619e-04 0.00000e+00
1.44812e-06 6.92428e-04 0.00000e+00
1.58857e-06 6.27141e-04 0.00000e+00
1.74263e-06 5.96204e-04 0.00000e+00
1.91164e-06 5.67599e-04 0.00000e+00
2.09705e-06 4.88260e-04 0.00000e+00
2.30043e-06 4.70938e-04 0.00000e+00
2.52354e-06 3.94283e-04 0.00000e+00
2.76829e-06 4.10141e-04 0.00000e+00
3.03677e-06 3.83579e-04 0.00000e+00
3.33129e-06 2.99096e-04 0.00000e+00
3.65438e-06 3.27565e-04 0.00000e+00
4.00881e-06 2.38347e-04 0.00000e+00
4.39760e-06 2.55736e-04 0.00000e+00
4.82411e-06 1.95397e-04 0.00000e+00
5.29198e-06 1.72842e-04 0.00000e+00
5.80523e-06 1.69405e-04 0.00000e+00
6.36825e-06 1.59049e-04 0.00000e+00
6.98588e-06 1.16274e-04 0.00000e+00
7.66341e-06 1.25283e-04 0.00000e+00
8.40665e-06 8.70996e-05 0.00000e+00
9.22198e-06 7.47965e-05 0.00000e+00
1.01164e-05 9.22668e-05 0.00000e+00
1.10975e-05 8.24799e-05 0.00000e+00
1.21738e-05 6.19678e-05 0.00000e+00
1.33545e-05 6.43633e-05 0.00000e+00
1.46497e-05 5.33764e-05 0.00000e+00
1.60705e-05 4.29281e-05 0.00000e+00
1.76291e-05 4.41027e-05 0.00000e+00
1.93389e-05 4.65578e-05 0.00000e+00
2.12145e-05 4.28481e-05 0.00000e+00
2.32720e-05 4.76775e-05 0.00000e+00
2.55291e-05 3.87466e-05 0.00000e+00
2.80050e-05 2.98836e-05 0.00000e+00
3.07211e-05 2.89115e-05 0.00000e+00
3.37006e-05 2.49210e-05 0.00000e+00
3.69691e-05 2.14309e-05 0.00000e+00
4.05546e-05 2.21608e-05 0.00000e+00
4.44878e-05 1.79870e-05 0.00000e+00
4.88025e-05 1.78369e-05 0.00000e+00
5.35357e-05 1.74037e-05 0.00000e+00
5.87279e-05 1.59599e-05 0.00000e+00
6.44236e-05 1.33232e-05 0.00000e+00
7.06718e-05 1.26617e-05 0.00000e+00
7.75260e-05 1.11587e-05 0.00000e+00
8.50449e-05 9.35005e-06 0.00000e+00
9.32930e-05 8.23830e-06 0.00000e+00
1.02341e-04 7.53734e-06 0.00000e+00
1.12267e-04 7.78344e-06 0.00000e+00
1.23155e-04 6.20866e-06 0.00000e+00
1.35099e-04 6.15267e-06 0.00000e+00
1.48202e-04 7.92161e-06 0.00000e+00
1.62576e-04 5.45943e-06 0.00000e+00
1.78343e-04 4.65896e-06 0.00000e+00
1.95640e-04 5.81265e-06 0.00000e+00
2.14614e-04 4.86837e-06 0.00000e+00
2.35429e-04 4.18989e-06 0.00000e+00
2.58262e-04 3.26642e-06 0.00000e+00
2.83310e-04 3.76054e-06 0.00000e+00
3.10787e-04 3.40266e-06 0.00000e+00
3.40929e-04 2.97336e-06 0.00000e+00
3.73994e-04 1.95798e-06 0.00000e+00
4.10266e-04 2.63965e-06 0.00000e+00
4.50056e-04 1.14126e-06 0.00000e+00
4.93705e-04 1.93024e-06 0.00000e+00
5.41587e-04 1.79163e-06 0.00000e+00
5.94113e-04 1.76406e-06 0.00000e+00
6.51734e-04 1.09561e-06 0.00000e+00
7.14943e-04 1.06520e-06 0.00000e+00
7.84282e-04 8.28984e-07 0.00000e+00
8.60346e-04 1.42441e-06 0.00000e+00
9.43788e-04 1.11421e-06 0.00000e+00
1.03532e-03 1.04710e-06 0.00000e+00
1.13573e-03 9.92851e-07 0.00000e+00
1.24588e-03 8.10947e-07 0.00000e+00
1.36672e-03 6.10277e-07 0.00000e+00
1.49927e-03 6.26852e-07 0.00000e+00
1.64468e-03 4.42866e-07 0.00000e+00
1.80419e-03 3.48023e-07 8.51381e-23
1.97917e-03 6.59826e-07 1.07574e-11
2.17112e-03 5.64434e-07 6.30171e-11
2.38169e-03 3.42021e-07 1.77162e-10
2.61268e-03 3.03599e-07 3.57838e-10
2.86607e-03 3.89269e-07 5.96008e-10
3.14404e-03 2.80566e-07 8.76321e-10
3.44896e-03 2.97621e-07 1.19621e-09
3.78346e-03 2.38877e-07 1.54009e-09
4.15040e-03 2.60546e-07 1.88999e-09
4.55294e-03 2.30761e-07 2.23557e-09
4.99451e-03 2.46867e-07 2.57646e-09
5.47890e-03 1.36159e-07 2.90506e-09
6.01028e-03 1.33286e-07 3.21979e-09
6.59319e-03 1.79075e-07 3.51147e-09
7.23263e-03 1.50382e-07 3.74812e-09
7.93410e-03 1.56552e-07 3.97975e-09
8.70359e-03 7.66185e-08 4.15423e-09
9.54772e-03 1.16820e-07 4.28765e-09
1.04737e-02 8.44749e-08 4.36014e-09
1.14895e-02 9.59450e-08 4.41622e-09
1.26038e-02 8.35256e-08 4.42803e-09
1.38262e-02 7.48058e-08 4.40133e-09
1.51672e-02 6.75706e-08 4.35626e-09
1.66382e-02 6.87012e-08 4.26773e-09
1.82518e-02 5.78574e-08 4.19233e-09
2.00220e-02 5.05922e-08 4.09115e-09
2.19639e-02 4.79068e-08 3.97622e-09
2.40940e-02 3.71356e-08 3.86384e-09
2.64308e-02 3.05649e-08 3.72669e-09
2.89942e-02 2.97438e-08 3.58680e-09
3.18063e-02 2.51151e-08 3.41316e-09
3.48910e-02 2.88417e-08 3.22722e-09
3.82749e-02 1.61600e-08 3.03110e-09
4.19871e-02 1.99973e-08 2.80206e-09
4.60592e-02 1.37873e-08 2.57762e-09
5.05263e-02 1.56527e-08 2.34359e-09
5.54266e-02 1.25801e-08 2.11021e-09
6.08022e-02 1.23108e-08 1.87417e-09
6.66992e-02 1.03519e-08 1.64219e-09
7.31681e-02 9.33962e-09 1.41380e-09
8.02643e-02 6.55124e-09 1.19588e-09
8.80488e-02 4.80129e-09 1.00099e-09
9.65883e-02 4.33923e-09 8.28781e-10
1.05956e-01 3.24297e-09 6.77888e-10
1.16232e-01 3.42883e-09 5.49408e-10
1.27505e-01 2.80054e-09 4.39790e-10
1.39871e-01 1.60712e-09 3.82733e-10
1.53437e-01 1.41995e-09 3.37682e-10
1.68318e-01 1.40046e-09 2.95678e-10
1.84642e-01 6.11749e-10 2.56191e-10
2.02550e-01 6.44195e-10 2.20139e-10
2.22195e-01 4.59136e-10 1.87027e-10
2.43744e-01 3.64176e-10 1.57320e-10
2.67384e-01 1.83135e-10 1.30724e-10
2.93317e-01 1.24164e-10 1.07404e-10
3.21764e-01 1.02956e-10 8.67167e-11
3.52971e-01 4.77925e-11 6.89594e-11
3.87204e-01 7.28834e-12 5.40392e-11
4.24757e-01 1.82206e-11 4.14978e-11
4.65953e-01 5.83389e-12 3.12537e-11
5.11143e-01 3.77507e-12 2.29998e-11
5.60717e-01 1.86942e-12 1.65966e-11
6.15099e-01 9.94185e-13 1.16546e-11
6.74754e-01 3.46658e-13 8.00559e-12
7.40196e-01 1.93460e-13 5.42118e-12
8.11984e-01 9.06499e-14 3.59879e-12
8.90735e-01 4.96644e-14 2.39441e-12
9.77124e-01 3.62823e-14 1.67358e-12
1.07189e+00 2.79386e-14 1.65484e-12
1.17585e+00 2.22204e-14 7.29563e-13
1.28989e+00 1.77143e-14 3.76582e-13
1.41499e+00 1.41402e-14 1.55033e-13
1.55223e+00 1.13051e-14 6.39610e-14
1.70277e+00 9.04963e-15 3.87322e-14
1.86791e+00 7.24623e-15 2.64742e-14
2.04907e+00 5.80475e-15 1.85257e-14
2.24781e+00 4.65260e-15 1.45441e-14
2.46581e+00 3.73244e-15 1.15001e-14
2.70496e+00 2.99248e-15 9.12764e-15
2.96730e+00 2.40206e-15 7.26113e-15
3.25509e+00 1.92855e-15 5.78675e-15
3.57079e+00 1.54858e-15 4.61994e-15
3.91710e+00 1.24400e-15 3.69317e-15
4.29700e+00 9.99717e-16 2.95584e-15
4.71375e+00 8.03599e-16 2.36676e-15
5.17092e+00 6.45981e-16 1.89777e-15
5.67243e+00 5.19640e-16 1.52207e-15
6.22257e+00 4.18099e-16 1.22202e-15
6.82607e+00 3.36466e-16 9.81799e-16
7.48810e+00 2.70866e-16 7.89053e-16
8.21434e+00 2.18118e-16 6.34750e-16
9.01102e+00 1.75653e-16 5.10640e-16
9.88496e+00 1.41481e-16 4.10802e-16
1.08437e+01 1.13909e-16 3.30500e-16
1.18953e+01 9.17078e-17 2.66008e-16
1.30490e+01 7.38210e-17 2.13956e-16
1.43146e+01 5.93988e-17 1.72004e-16
1.57029e+01 4.77476e-17 1.38233e-16
1.72259e+01 3.83378e-17 1.10991e-16
1.88965e+01 3.07645e-17 8.90100e-17
2.07292e+01 2.46464e-17 7.12905e-17
2.27397e+01 1.97051e-17 5.70090e-17
2.49451e+01 1.57342e-17 4.54899e-17
2.73644e+01 1.25295e-17 3.62251e-17
3.00184e+01 9.95607e-18 2.87747e-17
3.29297e+01 7.88965e-18 2.27928e-17
3.61234e+01 6.22794e-18 1.80050e-17
3.96269e+01 4.90189e-18 1.41692e-17
4.34701e+01 3.84500e-18 1.11096e-17
4.76861e+01 3.00330e-18 8.68231e-18
5.23110e+01 2.33709e-18 6.75308e-18
5.73844e+01 1.81000e-18 5.22874e-18
6.29499e+01 1.39488e-18 4.03039e-18
6.90551e+01 1.06925e-18 3.08864e-18
7.57525e+01 8.15504e-19 2.35524e-18
8.30994e+01 6.18669e-19 1.78703e-18
9.11589e+01 4.66356e-19 1.34824e-18
1.00000e+02 3.49846e-19 1.01036e-18
