1.00000e+01 6.93653e-25
1.26490e+01 6.93651e-25
1.59998e+01 6.93651e-25
2.02383e+01 6.93651e-25
2.55995e+01 6.93654e-25
3.23809e+01 6.93654e-25
4.09587e+01 6.93652e-25
5.18089e+01 6.93653e-25
6.55333e+01 6.93652e-25
8.28933e+01 6.93650e-25
1.04852e+02 6.93652e-25
1.32628e+02 6.93653e-25
1.67762e+02 6.93653e-25
2.12202e+02 6.93653e-25
2.68416e+02 6.93651e-25
3.39520e+02 6.93651e-25
4.29461e+02 6.93653e-25
5.43227e+02 6.93654e-25
6.87130e+02 6.93652e-25
8.69154e+02 6.93653e-25
1.09940e+03 6.93650e-25
1.39063e+03 6.93654e-25
1.75902e+03 6.93654e-25
2.22499e+03 6.93654e-25
2.81440e+03 6.93653e-25
3.55994e+03 6.93654e-25
4.50299e+03 6.93654e-25
5.69585e+03 6.93654e-25
7.20470e+03 6.93653e-25
9.11326e+03 6.93653e-25
1.15274e+04 6.93654e-25
1.45811e+04 6.93653e-25
1.84437e+04 6.93653e-25
2.33295e+04 6.93654e-25
2.95095e+04 6.93654e-25
3.73268e+04 6.93654e-25
4.72148e+04 6.93654e-25
5.97222e+04 6.93655e-25
7.55429e+04 6.93657e-25
9.55545e+04 6.93656e-25
1.20867e+05 6.93657e-25
1.52886e+05 6.93659e-25
1.93386e+05 6.93660e-25
2.44614e+05 6.93662e-25
3.09414e+05 6.93665e-25
3.91379e+05 6.93668e-25
4.95057e+05 6.93672e-25
6.26200e+05 6.93677e-25
7.92083e+05 6.93683e-25
1.00191e+06 6.93692e-25
1.26732e+06 6.93701e-25
1.60304e+06 6.93714e-25
2.02769e+06 6.93730e-25
2.56483e+06 6.93751e-25
3.24427e+06 6.93777e-25
4.10369e+06 6.93811e-25
5.19078e+06 6.93854e-25
6.56584e+06 6.93906e-25
8.30516e+06 6.93973e-25
1.05052e+07 6.94061e-25
1.32881e+07 6.94169e-25
1.68082e+07 6.94305e-25
2.12608e+07 6.94477e-25
2.68928e+07 6.94697e-25
3.40168e+07 6.94978e-25
4.30281e+07 6.95330e-25
5.44264e+07 6.95774e-25
6.88442e+07 6.96336e-25
8.70813e+07 6.97052e-25
1.10150e+08 6.97958e-25
1.39329e+08 6.99105e-25
1.76237e+08 7.00564e-25
2.22923e+08 7.02419e-25
2.81977e+08 7.04777e-25
3.56674e+08 7.07783e-25
4.51158e+08 7.11623e-25
5.70672e+08 7.16543e-25
7.21846e+08 7.22866e-25
9.13066e+08 7.31026e-25
1.15494e+09 7.41619e-25
1.46089e+09 7.55471e-25
1.84789e+09 7.73757e-25
2.33740e+09 7.98211e-25
2.95659e+09 8.31467e-25
3.73980e+09 8.77740e-25
4.73049e+09 9.44207e-25
5.98362e+09 1.04411e-24
7.56871e+09 1.20470e-24
9.57369e+09 1.49143e-24
1.21098e+10 2.10379e-24
1.53177e+10 3.96986e-24
1.93755e+10 2.06373e-23
2.45081e+10 3.76957e-22
3.10004e+10 9.97277e-23
3.92126e+10 4.31261e-23
4.96002e+10 2.09668e-23
6.27395e+10 1.00817e-23
7.93595e+10 3.87283e-24
1.00382e+11 3.02214e-25
1.26974e+11 0.00000e+00
