1.00000e+01 1.03176e-22
1.23596e+01 1.03176e-22
1.52760e+01 1.03176e-22
1.88806e+01 1.03176e-22
2.33357e+01 1.03177e-22
2.88420e+01 1.03177e-22
3.56476e+01 1.03176e-22
4.40591e+01 1.03176e-22
5.44554e+01 1.03177e-22
6.73047e+01 1.03176e-22
8.31861e+01 1.03176e-22
1.02815e+02 1.03177e-22
1.27075e+02 1.03177e-22
1.57060e+02 1.03177e-22
1.94120e+02 1.03177e-22
2.39925e+02 1.03176e-22
2.96539e+02 1.03176e-22
3.66510e+02 1.03177e-22
4.52993e+02 1.03177e-22
5.59882e+02 1.03177e-22
6.91993e+02 1.03177e-22
8.55276e+02 1.03177e-22
1.05709e+03 1.03177e-22
1.30652e+03 1.03176e-22
1.61481e+03 1.03176e-22
1.99584e+03 1.03176e-22
2.46679e+03 1.03177e-22
3.04886e+03 1.03177e-22
3.76827e+03 1.03177e-22
4.65744e+03 1.03177e-22
5.75642e+03 1.03178e-22
7.11471e+03 1.03178e-22
8.79351e+03 1.03179e-22
1.08684e+04 1.03179e-22
1.34330e+04 1.03180e-22
1.66027e+04 1.03181e-22
2.05202e+04 1.03182e-22
2.53622e+04 1.03184e-22
3.13468e+04 1.03185e-22
3.87434e+04 1.03187e-22
4.78854e+04 1.03190e-22
5.91845e+04 1.03193e-22
7.31498e+04 1.03197e-22
9.04103e+04 1.03202e-22
1.11744e+05 1.03208e-22
1.38111e+05 1.03215e-22
1.70700e+05 1.03224e-22
2.10979e+05 1.03236e-22
2.60761e+05 1.03250e-22
3.22291e+05 1.03267e-22
3.98340e+05 1.03289e-22
4.92333e+05 1.03315e-22
6.08504e+05 1.03348e-22
7.52088e+05 1.03389e-22
9.29552e+05 1.03439e-22
1.14889e+06 1.03502e-22
1.41999e+06 1.03579e-22
1.75505e+06 1.03674e-22
2.16917e+06 1.03793e-22
2.68101e+06 1.03941e-22
3.31363e+06 1.04123e-22
4.09552e+06 1.04351e-22
5.06191e+06 1.04635e-22
6.25633e+06 1.04990e-22
7.73258e+06 1.05433e-22
9.55718e+06 1.05990e-22
1.18123e+07 1.06692e-22
1.45996e+07 1.07581e-22
1.80445e+07 1.08714e-22
2.23023e+07 1.10170e-22
2.75648e+07 1.12061e-22
3.40691e+07 1.14549e-22
4.21081e+07 1.17881e-22
5.20439e+07 1.22455e-22
6.43243e+07 1.28942e-22
7.95024e+07 1.38583e-22
9.82620e+07 1.53928e-22
1.21448e+08 1.81100e-22
1.50105e+08 2.38650e-22
1.85524e+08 4.11347e-22
2.29301e+08 1.84203e-21
2.83407e+08 4.59226e-19
3.50280e+08 1.42682e-19
4.32933e+08 7.52618e-20
5.35089e+08 4.65584e-20
6.61350e+08 3.10259e-20
8.17403e+08 2.15266e-20
1.01028e+09 1.52811e-20
1.24867e+09 1.09813e-20
1.54330e+09 7.93045e-21
1.90746e+09 5.72281e-21
2.35755e+09 4.10551e-21
2.91385e+09 2.91233e-21
3.60140e+09 2.02903e-21
4.45120e+09 1.37358e-21
5.50151e+09 8.84690e-22
6.79965e+09 5.12212e-22
8.40411e+09 2.09992e-22
1.03872e+10 1.24295e-23
1.28381e+10 0.00000e+00
