1.00000e+01 1.42800e-20
1.20756e+01 1.42800e-20
1.45820e+01 1.42801e-20
1.76087e+01 1.42801e-20
2.12636e+01 1.42801e-20
2.56770e+01 1.42802e-20
3.10066e+01 1.42801e-20
3.74423e+01 1.42802e-20
4.52139e+01 1.42802e-20
5.45985e+01 1.42802e-20
6.59310e+01 1.42802e-20
7.96157e+01 1.42803e-20
9.61408e+01 1.42803e-20
1.16096e+02 1.42804e-20
1.40193e+02 1.42805e-20
1.69291e+02 1.42804e-20
2.04430e+02 1.42806e-20
2.46861e+02 1.42807e-20
2.98100e+02 1.42809e-20
3.59974e+02 1.42810e-20
4.34690e+02 1.42812e-20
5.24915e+02 1.42815e-20
6.33866e+02 1.42818e-20
7.65432e+02 1.42821e-20
9.24306e+02 1.42825e-20
1.11616e+03 1.42830e-20
1.34783e+03 1.42837e-20
1.62758e+03 1.42844e-20
1.96540e+03 1.42853e-20
2.37334e+03 1.42864e-20
2.86596e+03 1.42878e-20
3.46082e+03 1.42894e-20
4.17915e+03 1.42912e-20
5.04657e+03 1.42935e-20
6.09404e+03 1.42963e-20
7.35893e+03 1.42998e-20
8.88635e+03 1.43039e-20
1.07308e+04 1.43088e-20
1.29581e+04 1.43149e-20
1.56477e+04 1.43221e-20
1.88955e+04 1.43309e-20
2.28175e+04 1.43416e-20
2.75535e+04 1.43546e-20
3.32726e+04 1.43701e-20
4.01787e+04 1.43893e-20
4.85182e+04 1.44124e-20
5.85886e+04 1.44407e-20
7.07493e+04 1.44752e-20
8.54341e+04 1.45173e-20
1.03167e+05 1.45689e-20
1.24580e+05 1.46325e-20
1.50438e+05 1.47110e-20
1.81663e+05 1.48085e-20
2.19370e+05 1.49304e-20
2.64902e+05 1.50839e-20
3.19885e+05 1.52792e-20
3.86281e+05 1.55310e-20
4.66458e+05 1.58612e-20
5.63276e+05 1.63034e-20
6.80190e+05 1.69137e-20
8.21371e+05 1.77904e-20
9.91855e+05 1.91235e-20
1.19773e+06 2.13278e-20
1.44633e+06 2.54888e-20
1.74653e+06 3.53641e-20
2.10904e+06 7.35698e-20
2.54679e+06 3.68392e-18
3.07540e+06 2.88385e-16
3.71374e+06 1.27595e-16
4.48456e+06 7.60475e-17
5.41538e+06 5.09861e-17
6.53940e+06 3.63832e-17
7.89673e+06 2.69660e-17
9.53578e+06 2.04904e-17
1.15150e+07 1.58387e-17
1.39051e+07 1.23917e-17
1.67912e+07 9.77850e-18
2.02765e+07 7.76300e-18
2.44850e+07 6.18823e-18
2.95672e+07 4.94547e-18
3.57042e+07 3.95728e-18
4.31150e+07 3.16692e-18
5.20639e+07 2.53215e-18
6.28703e+07 2.02085e-18
7.59198e+07 1.60832e-18
9.16777e+07 1.27512e-18
1.10706e+08 1.00611e-18
1.33685e+08 7.89142e-19
1.61432e+08 6.14510e-19
1.94939e+08 4.74335e-19
2.35401e+08 3.62251e-19
2.84261e+08 2.73018e-19
3.43263e+08 2.02302e-19
4.14511e+08 1.46487e-19
5.00547e+08 1.02497e-19
6.04441e+08 6.76138e-20
7.29899e+08 3.91276e-20
8.81397e+08 1.46707e-20
1.06434e+09 5.70324e-22
1.28526e+09 0.00000e+00
