1.00000e+01 1.83549e-18
1.17980e+01 1.83553e-18
1.39193e+01 1.83558e-18
1.64220e+01 1.83565e-18
1.93747e+01 1.83574e-18
2.28582e+01 1.83584e-18
2.69681e+01 1.83592e-18
3.18170e+01 1.83605e-18
3.75377e+01 1.83622e-18
4.42870e+01 1.83639e-18
5.22498e+01 1.83660e-18
6.16443e+01 1.83685e-18
7.27280e+01 1.83716e-18
8.58045e+01 1.83751e-18
1.01232e+02 1.83791e-18
1.19434e+02 1.83841e-18
1.40908e+02 1.83898e-18
1.66243e+02 1.83966e-18
1.96134e+02 1.84048e-18
2.31399e+02 1.84141e-18
2.73004e+02 1.84254e-18
3.22090e+02 1.84390e-18
3.80002e+02 1.84547e-18
4.48327e+02 1.84736e-18
5.28936e+02 1.84958e-18
6.24039e+02 1.85225e-18
7.36241e+02 1.85541e-18
8.68618e+02 1.85918e-18
1.02480e+03 1.86370e-18
1.20905e+03 1.86910e-18
1.42644e+03 1.87562e-18
1.68292e+03 1.88348e-18
1.98551e+03 1.89307e-18
2.34250e+03 1.90470e-18
2.76368e+03 1.91898e-18
3.26059e+03 1.93668e-18
3.84685e+03 1.95880e-18
4.53851e+03 1.98685e-18
5.35454e+03 2.02297e-18
6.31728e+03 2.07050e-18
7.45313e+03 2.13474e-18
8.79321e+03 2.22484e-18
1.03742e+04 2.35785e-18
1.22395e+04 2.56877e-18
1.44402e+04 2.94156e-18
1.70365e+04 3.72745e-18
2.00997e+04 6.03165e-18
2.37136e+04 2.29413e-17
2.79773e+04 6.68857e-13
3.30077e+04 2.02365e-13
3.89425e+04 1.11451e-13
4.59443e+04 7.28405e-14
5.42051e+04 5.16937e-14
6.39512e+04 3.84955e-14
7.54497e+04 2.95731e-14
8.90155e+04 2.32172e-14
1.05021e+05 1.85163e-14
1.23903e+05 1.49405e-14
1.46181e+05 1.21636e-14
1.72464e+05 9.97184e-15
2.03474e+05 8.21979e-15
2.40058e+05 6.80506e-15
2.83221e+05 5.65307e-15
3.34144e+05 4.70893e-15
3.94223e+05 3.93070e-15
4.65104e+05 3.28683e-15
5.48730e+05 2.75176e-15
6.47392e+05 2.30583e-15
7.63793e+05 1.93341e-15
9.01124e+05 1.62159e-15
1.06315e+06 1.36022e-15
1.25430e+06 1.14078e-15
1.47982e+06 9.56389e-16
1.74590e+06 8.01280e-16
2.05981e+06 6.70755e-16
2.43016e+06 5.60926e-16
2.86711e+06 4.68414e-16
3.38261e+06 3.90543e-16
3.99081e+06 3.25008e-16
4.70835e+06 2.69862e-16
5.55492e+06 2.23505e-16
6.55369e+06 1.84569e-16
7.73205e+06 1.51907e-16
9.12227e+06 1.24536e-16
1.07625e+07 1.01647e-16
1.26975e+07 8.25509e-17
1.49806e+07 6.66532e-17
1.76741e+07 5.34589e-17
2.08519e+07 4.25460e-17
2.46011e+07 3.35523e-17
2.90243e+07 2.61716e-17
3.42429e+07 2.01380e-17
4.03998e+07 1.52227e-17
4.76637e+07 1.12253e-17
5.62336e+07 7.96634e-18
6.63445e+07 5.27141e-18
7.82732e+07 2.95324e-18
9.23467e+07 9.54600e-19
1.08951e+08 2.13809e-20
1.28540e+08 0.00000e+00
