1.00000e+01 2.27178e-16
1.15268e+01 2.27626e-16
1.32866e+01 2.28148e-16
1.53152e+01 2.28762e-16
1.76535e+01 2.29484e-16
2.03487e+01 2.30342e-16
2.34555e+01 2.31357e-16
2.70366e+01 2.32568e-16
3.11645e+01 2.34020e-16
3.59226e+01 2.35774e-16
4.14071e+01 2.37916e-16
4.77290e+01 2.40555e-16
5.50161e+01 2.43854e-16
6.34158e+01 2.48039e-16
7.30979e+01 2.53468e-16
8.42583e+01 2.60690e-16
9.71226e+01 2.70646e-16
1.11951e+02 2.85027e-16
1.29043e+02 3.07192e-16
1.48745e+02 3.44694e-16
1.71455e+02 4.18124e-16
1.97632e+02 6.03008e-16
2.27806e+02 1.42329e-15
2.62587e+02 1.39087e-12
3.02678e+02 2.60165e-11
3.48889e+02 3.48962e-11
4.02157e+02 1.35848e-10
4.63557e+02 7.08137e-11
5.34331e+02 6.10817e-11
6.15911e+02 4.65236e-11
7.09946e+02 3.45362e-11
8.18338e+02 3.00428e-11
9.43279e+02 2.40092e-11
1.08730e+03 1.73824e-11
1.25330e+03 1.48796e-11
1.44465e+03 1.27132e-11
1.66522e+03 1.05427e-11
1.91945e+03 8.84135e-12
2.21251e+03 7.56750e-12
2.55031e+03 6.45593e-12
2.93968e+03 5.50796e-12
3.38850e+03 4.70876e-12
3.90585e+03 4.03951e-12
4.50218e+03 3.46694e-12
5.18956e+03 2.98315e-12
5.98188e+03 2.56994e-12
6.89518e+03 2.21487e-12
7.94791e+03 1.91068e-12
9.16137e+03 1.64853e-12
1.05601e+04 1.42387e-12
1.21724e+04 1.23001e-12
1.40308e+04 1.06305e-12
1.61730e+04 9.19032e-13
1.86422e+04 7.94642e-13
2.14885e+04 6.87166e-13
2.47693e+04 5.94312e-13
2.85509e+04 5.13965e-13
3.29100e+04 4.44490e-13
3.79346e+04 3.84369e-13
4.37263e+04 3.32327e-13
5.04023e+04 2.87286e-13
5.80976e+04 2.48289e-13
6.69677e+04 2.14514e-13
7.71921e+04 1.85270e-13
8.89776e+04 1.59952e-13
1.02562e+05 1.38016e-13
1.18221e+05 1.19029e-13
1.36271e+05 1.02586e-13
1.57076e+05 8.83483e-14
1.81058e+05 7.60256e-14
2.08702e+05 6.53582e-14
2.40565e+05 5.61313e-14
2.77294e+05 4.81499e-14
3.19630e+05 4.12494e-14
3.68431e+05 3.52847e-14
4.24681e+05 3.01334e-14
4.89520e+05 2.56871e-14
5.64259e+05 2.18522e-14
6.50408e+05 1.85470e-14
7.49710e+05 1.57013e-14
8.64173e+05 1.32553e-14
9.96112e+05 1.11546e-14
1.14820e+06 9.35352e-15
1.32350e+06 7.81208e-15
1.52557e+06 6.49573e-15
1.75848e+06 5.37403e-15
2.02696e+06 4.42068e-15
2.33643e+06 3.61267e-15
2.69315e+06 2.92990e-15
3.10433e+06 2.35471e-15
3.57829e+06 1.87147e-15
4.12461e+06 1.46646e-15
4.75435e+06 1.12735e-15
5.48022e+06 8.42869e-16
6.31693e+06 6.02002e-16
7.28137e+06 3.93111e-16
8.39307e+06 2.05371e-16
9.67450e+06 5.31775e-17
1.11516e+07 5.67080e-19
1.28542e+07 0.00000e+00
