1.00000e+01 4.01637e-08
1.10029e+01 5.77287e-08
1.21063e+01 5.95381e-08
1.33204e+01 6.57423e-08
1.46562e+01 7.23486e-08
1.61260e+01 5.81473e-08
1.77432e+01 1.17554e-07
1.95226e+01 1.61169e-07
2.14805e+01 1.10784e-07
2.36347e+01 6.08231e-08
2.60049e+01 4.77844e-08
2.86128e+01 4.86206e-08
3.14823e+01 4.53746e-08
3.46395e+01 4.10614e-08
3.81133e+01 3.46770e-08
4.19356e+01 3.06021e-08
4.61411e+01 3.34573e-08
5.07684e+01 2.85937e-08
5.58597e+01 2.79759e-08
6.14617e+01 2.65935e-08
6.76254e+01 2.19200e-08
7.44073e+01 1.97653e-08
8.18693e+01 1.81073e-08
9.00796e+01 1.64534e-08
9.91133e+01 1.48098e-08
1.09053e+02 1.36294e-08
1.19989e+02 1.22366e-08
1.32023e+02 1.11120e-08
1.45263e+02 1.00707e-08
1.59830e+02 9.19761e-09
1.75859e+02 8.31527e-09
1.93495e+02 7.56131e-09
2.12900e+02 6.84218e-09
2.34251e+02 6.24624e-09
2.57743e+02 5.64218e-09
2.83591e+02 5.14059e-09
3.12031e+02 4.65921e-09
3.43323e+02 4.22045e-09
3.77754e+02 3.83115e-09
4.15637e+02 3.47641e-09
4.57320e+02 3.15416e-09
5.03182e+02 2.86512e-09
5.53644e+02 2.59696e-09
6.09167e+02 2.35535e-09
6.70258e+02 2.13484e-09
7.37475e+02 1.93506e-09
8.11433e+02 1.75373e-09
8.92808e+02 1.58903e-09
9.82344e+02 1.43977e-09
1.08086e+03 1.30375e-09
1.18925e+03 1.18035e-09
1.30852e+03 1.06835e-09
1.43975e+03 9.66574e-10
1.58413e+03 8.74159e-10
1.74300e+03 7.90310e-10
1.91779e+03 7.14192e-10
2.11012e+03 6.45118e-10
2.32174e+03 5.82448e-10
2.55458e+03 5.25571e-10
2.81076e+03 4.73996e-10
3.09264e+03 4.27231e-10
3.40279e+03 3.84811e-10
3.74404e+03 3.46365e-10
4.11952e+03 3.11526e-10
4.53264e+03 2.79964e-10
4.98720e+03 2.51373e-10
5.48735e+03 2.25490e-10
6.03765e+03 2.02066e-10
6.64314e+03 1.80879e-10
7.30936e+03 1.61723e-10
8.04238e+03 1.44413e-10
8.84892e+03 1.28780e-10
9.73634e+03 1.14671e-10
1.07128e+04 1.01948e-10
1.17871e+04 9.04821e-11
1.29692e+04 8.01579e-11
1.42698e+04 7.08708e-11
1.57008e+04 6.25266e-11
1.72754e+04 5.50338e-11
1.90079e+04 4.83178e-11
2.09141e+04 4.23030e-11
2.30115e+04 3.69239e-11
2.53192e+04 3.21190e-11
2.78584e+04 2.78343e-11
3.06522e+04 2.40183e-11
3.37262e+04 2.06235e-11
3.71084e+04 1.76067e-11
4.08299e+04 1.49297e-11
4.49245e+04 1.25533e-11
4.94298e+04 1.04442e-11
5.43869e+04 8.56862e-12
5.98412e+04 6.89276e-12
6.58424e+04 5.38315e-12
7.24454e+04 4.00147e-12
7.97107e+04 2.71315e-12
8.77045e+04 1.52072e-12
9.65000e+04 5.51996e-13
1.06178e+05 6.22565e-14
1.16826e+05 4.79762e-17
1.28542e+05 0.00000e+00
