1.00000e+01 4.68211e-27
1.29344e+01 4.68211e-27
1.67298e+01 4.68210e-27
2.16389e+01 4.68211e-27
2.79886e+01 4.68212e-27
3.62015e+01 4.68209e-27
4.68244e+01 4.68209e-27
6.05644e+01 4.68208e-27
7.83363e+01 4.68211e-27
1.01323e+02 4.68210e-27
1.31055e+02 4.68212e-27
1.69512e+02 4.68211e-27
2.19253e+02 4.68210e-27
2.83589e+02 4.68211e-27
3.66805e+02 4.68211e-27
4.74440e+02 4.68211e-27
6.13658e+02 4.68211e-27
7.93728e+02 4.68211e-27
1.02664e+03 4.68211e-27
1.32789e+03 4.68211e-27
1.71754e+03 4.68210e-27
2.22154e+03 4.68212e-27
2.87342e+03 4.68211e-27
3.71658e+03 4.68211e-27
4.80717e+03 4.68210e-27
6.21777e+03 4.68211e-27
8.04230e+03 4.68210e-27
1.04022e+04 4.68211e-27
1.34546e+04 4.68211e-27
1.74027e+04 4.68211e-27
2.25093e+04 4.68209e-27
2.91144e+04 4.68211e-27
3.76576e+04 4.68211e-27
4.87077e+04 4.68211e-27
6.30004e+04 4.68211e-27
8.14871e+04 4.68211e-27
1.05398e+05 4.68211e-27
1.36326e+05 4.68211e-27
1.76329e+05 4.68211e-27
2.28071e+05 4.68211e-27
2.94996e+05 4.68211e-27
3.81558e+05 4.68212e-27
4.93522e+05 4.68212e-27
6.38340e+05 4.68212e-27
8.25652e+05 4.68212e-27
1.06793e+06 4.68212e-27
1.38130e+06 4.68213e-27
1.78662e+06 4.68213e-27
2.31089e+06 4.68214e-27
2.98899e+06 4.68215e-27
3.86607e+06 4.68216e-27
5.00052e+06 4.68217e-27
6.46786e+06 4.68219e-27
8.36577e+06 4.68221e-27
1.08206e+07 4.68223e-27
1.39958e+07 4.68227e-27
1.81026e+07 4.68232e-27
2.34146e+07 4.68238e-27
3.02854e+07 4.68247e-27
3.91722e+07 4.68259e-27
5.06668e+07 4.68272e-27
6.55343e+07 4.68289e-27
8.47645e+07 4.68313e-27
1.09638e+08 4.68343e-27
1.41809e+08 4.68382e-27
1.83422e+08 4.68428e-27
2.37244e+08 4.68497e-27
3.06861e+08 4.68578e-27
3.96905e+08 4.68687e-27
5.13372e+08 4.68827e-27
6.64014e+08 4.69006e-27
8.58861e+08 4.69239e-27
1.11088e+09 4.69542e-27
1.43686e+09 4.69931e-27
1.85848e+09 4.70438e-27
2.40383e+09 4.71094e-27
3.10921e+09 4.71943e-27
4.02157e+09 4.73047e-27
5.20164e+09 4.74479e-27
6.72800e+09 4.76343e-27
8.70224e+09 4.78769e-27
1.12558e+10 4.81935e-27
1.45587e+10 4.86074e-27
1.88307e+10 4.91514e-27
2.43564e+10 4.98688e-27
3.15035e+10 5.08204e-27
4.07477e+10 5.20923e-27
5.27047e+10 5.38107e-27
6.81702e+10 5.61630e-27
8.81738e+10 5.94433e-27
1.14047e+11 6.41319e-27
1.47513e+11 7.10669e-27
1.90799e+11 8.18313e-27
2.46786e+11 9.97571e-27
3.19203e+11 1.32992e-26
4.12869e+11 2.06518e-26
5.34020e+11 4.33653e-26
6.90721e+11 2.15699e-25
8.93405e+11 9.54890e-26
1.15556e+12 0.00000e+00
