1.00000e+01 2.27390e-09
1.12618e+01 4.66694e-10
1.26827e+01 3.01663e-08
1.42830e+01 4.44215e-10
1.60852e+01 7.90756e-10
1.81148e+01 1.40585e-09
2.04004e+01 5.01176e-10
2.29745e+01 8.51644e-10
2.58733e+01 4.20799e-09
2.91379e+01 1.23212e-09
3.28144e+01 1.59750e-09
3.69549e+01 9.92224e-10
4.16177e+01 1.90958e-09
4.68689e+01 1.39897e-09
5.27826e+01 1.59632e-09
5.94426e+01 1.60791e-09
6.69428e+01 1.92219e-09
7.53894e+01 2.53784e-09
8.49018e+01 1.70259e-09
9.56145e+01 1.56779e-09
1.07679e+02 1.75008e-09
1.21265e+02 1.23789e-09
1.36566e+02 1.16807e-09
1.53798e+02 1.07480e-09
1.73203e+02 1.02101e-09
1.95057e+02 7.96298e-10
2.19669e+02 7.37414e-10
2.47386e+02 6.16693e-10
2.78601e+02 5.55723e-10
3.13754e+02 4.83555e-10
3.53342e+02 4.27980e-10
3.97925e+02 3.73370e-10
4.48134e+02 3.31402e-10
5.04678e+02 2.96146e-10
5.68357e+02 2.60351e-10
6.40070e+02 2.31992e-10
7.20832e+02 2.04799e-10
8.11784e+02 1.81775e-10
9.14212e+02 1.61028e-10
1.02956e+03 1.42983e-10
1.15947e+03 1.26758e-10
1.30577e+03 1.12645e-10
1.47053e+03 9.97769e-11
1.65607e+03 8.85364e-11
1.86503e+03 7.84902e-11
2.10035e+03 6.95721e-11
2.36537e+03 6.16768e-11
2.66382e+03 5.47089e-11
2.99994e+03 4.84904e-11
3.37846e+03 4.29725e-11
3.80474e+03 3.80905e-11
4.28481e+03 3.37477e-11
4.82545e+03 2.98966e-11
5.43431e+03 2.64788e-11
6.12000e+03 2.34445e-11
6.89220e+03 2.07535e-11
7.76183e+03 1.83664e-11
8.74119e+03 1.62478e-11
9.84413e+03 1.43680e-11
1.10862e+04 1.27005e-11
1.24850e+04 1.12216e-11
1.40604e+04 9.90967e-12
1.58345e+04 8.74675e-12
1.78324e+04 7.71544e-12
2.00824e+04 6.80156e-12
2.26164e+04 5.99115e-12
2.54700e+04 5.27340e-12
2.86837e+04 4.63737e-12
3.23030e+04 4.07421e-12
3.63788e+04 3.57574e-12
4.09690e+04 3.13462e-12
4.61383e+04 2.74453e-12
5.19599e+04 2.39963e-12
5.85160e+04 2.09493e-12
6.58994e+04 1.82588e-12
7.42143e+04 1.58854e-12
8.35784e+04 1.37932e-12
9.41241e+04 1.19505e-12
1.06000e+05 1.03295e-12
1.19375e+05 8.90511e-13
1.34437e+05 7.65508e-13
1.51400e+05 6.55975e-13
1.70504e+05 5.60151e-13
1.92017e+05 4.76482e-13
2.16245e+05 4.03547e-13
2.43530e+05 3.40103e-13
2.74258e+05 2.85028e-13
3.08863e+05 2.37330e-13
3.47834e+05 1.96097e-13
3.91723e+05 1.60517e-13
4.41149e+05 1.29838e-13
4.96812e+05 1.03391e-13
5.59498e+05 8.05227e-14
6.30093e+05 6.05970e-14
7.09596e+05 4.29210e-14
7.99131e+05 2.68010e-14
8.99962e+05 1.22742e-14
1.01352e+06 2.28813e-15
1.14140e+06 8.56423e-18
1.28542e+06 0.00000e+00
