1.00000e-06 1.10131e-02
1.08437e-06 8.85822e-03
1.17585e-06 9.40786e-03
1.27505e-06 9.47324e-03
1.38262e-06 8.29480e-03
1.49927e-06 7.77436e-03
1.62576e-06 7.25087e-03
1.76291e-06 7.01961e-03
1.91164e-06 6.36139e-03
2.07292e-06 5.96334e-03
2.24781e-06 5.43158e-03
2.43744e-06 5.23930e-03
2.64308e-06 4.63959e-03
2.86607e-06 4.57189e-03
3.10787e-06 4.24504e-03
3.37006e-06 3.74988e-03
3.65438e-06 3.60631e-03
3.96269e-06 3.23375e-03
4.29700e-06 3.14179e-03
4.65953e-06 2.86578e-03
5.05263e-06 2.92940e-03
5.47890e-06 2.39823e-03
5.94113e-06 2.23890e-03
6.44236e-06 2.04843e-03
6.98588e-06 1.83569e-03
7.57525e-06 1.73306e-03
8.21434e-06 1.69509e-03
8.90735e-06 1.51109e-03
9.65883e-06 1.50696e-03
1.04737e-05 1.27434e-03
1.13573e-05 1.37002e-03
1.23155e-05 1.24410e-03
1.33545e-05 1.14997e-03
1.44812e-05 9.61521e-04
1.57029e-05 8.90697e-04
1.70277e-05 8.95773e-04
1.84642e-05 8.43362e-04
2.00220e-05 6.81775e-04
2.17112e-05 5.26215e-04
2.35429e-05 6.19617e-04
2.55291e-05 4.89173e-04
2.76829e-05 5.12227e-04
3.00184e-05 5.17565e-04
3.25509e-05 4.96606e-04
3.52971e-05 3.42520e-04
3.82749e-05 4.09248e-04
4.15040e-05 3.66785e-04
4.50056e-05 3.46861e-04
4.88025e-05 3.06105e-04
5.29198e-05 3.12671e-04
5.73844e-05 2.74283e-04
6.22257e-05 2.25647e-04
6.74754e-05 2.06709e-04
7.31681e-05 2.18360e-04
7.93410e-05 1.85970e-04
8.60346e-05 1.80843e-04
9.32930e-05 1.64008e-04
1.01164e-04 1.41091e-04
1.09699e-04 1.32593e-04
1.18953e-04 1.09238e-04
1.28989e-04 1.17411e-04
1.39871e-04 9.78714e-05
1.51672e-04 9.83010e-05
1.64468e-04 8.33134e-05
1.78343e-04 8.12103e-05
1.93389e-04 6.73291e-05
2.09705e-04 6.66907e-05
2.27397e-04 4.08601e-05
2.46581e-04 3.11871e-05
2.67384e-04 4.28261e-05
2.89942e-04 2.46922e-05
3.14404e-04 3.64951e-05
3.40929e-04 2.10040e-05
3.69691e-04 3.49434e-05
4.00881e-04 2.37287e-05
4.34701e-04 1.19346e-05
4.71375e-04 3.08475e-05
5.11143e-04 2.24934e-05
5.54266e-04 1.41442e-05
6.01028e-04 1.40531e-05
6.51734e-04 1.53282e-05
7.06718e-04 1.58794e-05
7.66341e-04 1.06363e-05
8.30994e-04 1.24946e-05
9.01102e-04 8.69505e-06
9.77124e-04 1.27536e-05
1.05956e-03 6.72344e-06
1.14895e-03 8.73604e-06
1.24588e-03 7.81368e-06
1.35099e-03 1.02726e-05
1.46497e-03 7.90891e-06
1.58857e-03 4.89452e-06
1.72259e-03 5.64080e-06
1.86791e-03 5.41858e-06
2.02550e-03 4.47782e-06
2.19639e-03 4.47819e-06
2.38169e-03 3.54204e-06
2.58262e-03 3.26146e-06
2.80050e-03 3.76283e-06
3.03677e-03 4.12924e-06
3.29297e-03 3.10765e-06
3.57079e-03 3.47550e-06
3.87204e-03 2.52933e-06
4.19871e-03 2.96690e-06
4.55294e-03 1.94975e-06
4.93705e-03 2.28384e-06
5.35357e-03 2.39583e-06
5.80523e-03 2.02240e-06
6.29499e-03 1.26218e-06
6.82607e-03 1.73082e-06
7.40196e-03 1.00259e-06
8.02643e-03 1.43710e-06
8.70359e-03 1.37458e-06
9.43788e-03 1.28628e-06
1.02341e-02 1.07614e-06
1.10975e-02 7.39473e-07
1.20338e-02 8.33872e-07
1.30490e-02 9.42336e-07
1.41499e-02 8.18944e-07
1.53437e-02 4.10118e-07
1.66382e-02 8.00276e-07
1.80419e-02 5.39168e-07
1.95640e-02 4.94874e-07
2.12145e-02 4.50456e-07
2.30043e-02 5.08045e-07
2.49451e-02 4.04953e-07
2.70496e-02 5.03690e-07
2.93317e-02 3.80454e-07
3.18063e-02 2.87202e-07
3.44896e-02 3.37568e-07
3.73994e-02 2.49096e-07
4.05546e-02 2.43305e-07
4.39760e-02 2.60997e-07
4.76861e-02 9.14139e-08
5.17092e-02 1.68979e-07
5.60717e-02 1.75276e-07
6.08022e-02 1.81203e-07
6.59319e-02 1.61953e-07
7.14943e-02 1.32625e-07
7.75260e-02 1.31621e-07
8.40665e-02 1.00500e-07
9.11589e-02 1.24298e-07
9.88496e-02 9.36980e-08
1.07189e-01 6.49803e-08
1.16232e-01 6.59503e-08
1.26038e-01 7.89466e-08
1.36672e-01 8.77617e-08
1.48202e-01 6.44947e-08
1.60705e-01 6.41125e-08
1.74263e-01 5.47335e-08
1.88965e-01 4.98812e-08
2.04907e-01 4.51655e-08
2.22195e-01 1.95018e-08
2.40940e-01 3.56621e-08
2.61268e-01 2.16965e-08
2.83310e-01 2.29832e-08
3.07211e-01 2.21929e-08
3.33129e-01 1.91120e-08
3.61234e-01 1.31402e-08
3.91710e-01 8.05666e-09
4.24757e-01 1.28605e-08
4.60592e-01 8.92467e-09
4.99451e-01 9.20837e-09
5.41587e-01 7.94066e-09
5.87279e-01 5.51505e-09
6.36825e-01 5.46641e-09
6.90551e-01 3.89858e-09
7.48810e-01 1.79510e-09
8.11984e-01 1.64853e-09
8.80488e-01 2.08862e-09
9.54772e-01 7.80998e-10
1.03532e+00 1.04077e-09
1.12267e+00 8.87897e-10
1.21738e+00 4.11301e-10
1.32009e+00 3.36049e-10
1.43146e+00 3.16788e-10
1.55223e+00 2.24769e-10
1.68318e+00 1.20958e-10
1.82518e+00 7.18245e-11
1.97917e+00 3.57033e-11
2.14614e+00 4.25760e-11
2.32720e+00 2.21561e-11
2.52354e+00 1.50485e-11
2.73644e+00 1.13967e-11
2.96730e+00 8.56469e-12
3.21764e+00 6.94501e-12
3.48910e+00 5.42262e-12
3.78346e+00 4.35908e-12
4.10266e+00 3.53777e-12
4.44878e+00 2.90340e-12
4.82411e+00 2.37927e-12
5.23110e+00 1.95337e-12
5.67243e+00 1.60723e-12
6.15099e+00 1.32174e-12
6.66992e+00 1.08868e-12
7.23263e+00 8.93510e-13
7.84282e+00 7.32337e-13
8.50449e+00 6.02947e-13
9.22198e+00 4.95027e-13
1.00000e+01 4.06357e-13
