1.00000e+01 7.20886e-15
1.07611e+01 7.20915e-15
1.15801e+01 7.20943e-15
1.24615e+01 7.20965e-15
1.34099e+01 7.21030e-15
1.44306e+01 7.21049e-15
1.55289e+01 7.21100e-15
1.67108e+01 7.21136e-15
1.79827e+01 7.21207e-15
1.93513e+01 7.21241e-15
2.08241e+01 7.21315e-15
2.24091e+01 7.21376e-15
2.41146e+01 7.21435e-15
2.59500e+01 7.21528e-15
2.79251e+01 7.21601e-15
3.00504e+01 7.21691e-15
3.23376e+01 7.21791e-15
3.47988e+01 7.21876e-15
3.74473e+01 7.21986e-15
4.02975e+01 7.22121e-15
4.33645e+01 7.22254e-15
4.66650e+01 7.22357e-15
5.02167e+01 7.22516e-15
5.40387e+01 7.22673e-15
5.81516e+01 7.22824e-15
6.25775e+01 7.23026e-15
6.73403e+01 7.23229e-15
7.24655e+01 7.23436e-15
7.79809e+01 7.23654e-15
8.39160e+01 7.23899e-15
9.03029e+01 7.24161e-15
9.71758e+01 7.24457e-15
1.04572e+02 7.24751e-15
1.12531e+02 7.25114e-15
1.21096e+02 7.25466e-15
1.30312e+02 7.25842e-15
1.40230e+02 7.26275e-15
1.50903e+02 7.26724e-15
1.62389e+02 7.27218e-15
1.74748e+02 7.27739e-15
1.88048e+02 7.28311e-15
2.02360e+02 7.28921e-15
2.17762e+02 7.29611e-15
2.34336e+02 7.30348e-15
2.52171e+02 7.31141e-15
2.71364e+02 7.31976e-15
2.92018e+02 7.32900e-15
3.14243e+02 7.33918e-15
3.38160e+02 7.35006e-15
3.63898e+02 7.36217e-15
3.91594e+02 7.37506e-15
4.21398e+02 7.38921e-15
4.53471e+02 7.40467e-15
4.87985e+02 7.42141e-15
5.25125e+02 7.43996e-15
5.65093e+02 7.46000e-15
6.08102e+02 7.48215e-15
6.54385e+02 7.50644e-15
7.04190e+02 7.53319e-15
7.57786e+02 7.56258e-15
8.15461e+02 7.59518e-15
8.77526e+02 7.63106e-15
9.44315e+02 7.67125e-15
1.01619e+03 7.71591e-15
1.09353e+03 7.76669e-15
1.17676e+03 7.82283e-15
1.26632e+03 7.88617e-15
1.36270e+03 7.95813e-15
1.46642e+03 8.04023e-15
1.57802e+03 8.13463e-15
1.69813e+03 8.24406e-15
1.82737e+03 8.37202e-15
1.96645e+03 8.52372e-15
2.11612e+03 8.70575e-15
2.27718e+03 8.92803e-15
2.45050e+03 9.20570e-15
2.63700e+03 9.56105e-15
2.83771e+03 1.00334e-14
3.05368e+03 1.06922e-14
3.28610e+03 1.16776e-14
3.53621e+03 1.33213e-14
3.80535e+03 1.66515e-14
4.09497e+03 2.72950e-14
4.40664e+03 1.54249e-09
4.74203e+03 2.97537e-10
5.10295e+03 1.45845e-10
5.49134e+03 9.45996e-11
5.90928e+03 6.88060e-11
6.35904e+03 5.32548e-11
6.84303e+03 4.27914e-11
7.36385e+03 3.53467e-11
7.92431e+03 2.97744e-11
8.52743e+03 2.54526e-11
9.17646e+03 2.20128e-11
9.87488e+03 1.92232e-11
1.06265e+04 1.69138e-11
1.14352e+04 1.49793e-11
1.23056e+04 1.33365e-11
1.32422e+04 1.19295e-11
1.42500e+04 1.07130e-11
1.53346e+04 9.65343e-12
1.65017e+04 8.72524e-12
1.77577e+04 7.90733e-12
1.91092e+04 7.18279e-12
2.05636e+04 6.53848e-12
2.21287e+04 5.96232e-12
2.38129e+04 5.44629e-12
2.56253e+04 4.98253e-12
2.75757e+04 4.56435e-12
2.96744e+04 4.18623e-12
3.19330e+04 3.84362e-12
3.43634e+04 3.53262e-12
3.69788e+04 3.24992e-12
3.97933e+04 2.99210e-12
4.28219e+04 2.75677e-12
4.60811e+04 2.54192e-12
4.95883e+04 2.34515e-12
5.33625e+04 2.16486e-12
5.74239e+04 1.99959e-12
6.17945e+04 1.84772e-12
6.64977e+04 1.70830e-12
7.15588e+04 1.57989e-12
7.70052e+04 1.46180e-12
8.28661e+04 1.35298e-12
8.91730e+04 1.25277e-12
9.59600e+04 1.16028e-12
1.03263e+05 1.07494e-12
1.11123e+05 9.96112e-13
1.19580e+05 9.23301e-13
1.28682e+05 8.56066e-13
1.38476e+05 7.93804e-13
1.49015e+05 7.36277e-13
1.60357e+05 6.83059e-13
1.72561e+05 6.33781e-13
1.85695e+05 5.88129e-13
1.99828e+05 5.45867e-13
2.15037e+05 5.06705e-13
2.31404e+05 4.70426e-13
2.49016e+05 4.36832e-13
2.67969e+05 4.05630e-13
2.88364e+05 3.76761e-13
3.10311e+05 3.49971e-13
3.33929e+05 3.25106e-13
3.59345e+05 3.02074e-13
3.86694e+05 2.80661e-13
4.16126e+05 2.60804e-13
4.47797e+05 2.42381e-13
4.81879e+05 2.25295e-13
5.18555e+05 2.09404e-13
5.58022e+05 1.94665e-13
6.00493e+05 1.80982e-13
6.46197e+05 1.68272e-13
6.95379e+05 1.56469e-13
7.48304e+05 1.45499e-13
8.05258e+05 1.35310e-13
8.66546e+05 1.25835e-13
9.32499e+05 1.17048e-13
1.00347e+06 1.08872e-13
1.07985e+06 1.01274e-13
1.16203e+06 9.42123e-14
1.25048e+06 8.76484e-14
1.34565e+06 8.15469e-14
1.44807e+06 7.58668e-14
1.55828e+06 7.05900e-14
1.67688e+06 6.56826e-14
1.80451e+06 6.11140e-14
1.94185e+06 5.68620e-14
2.08964e+06 5.29051e-14
2.24869e+06 4.92199e-14
2.41984e+06 4.57873e-14
2.60401e+06 4.25902e-14
2.80220e+06 3.96086e-14
3.01548e+06 3.68282e-14
3.24498e+06 3.42332e-14
3.49196e+06 3.18093e-14
3.75773e+06 2.95433e-14
4.04374e+06 2.74223e-14
4.35151e+06 2.54356e-14
4.68270e+06 2.35712e-14
5.03910e+06 2.18189e-14
5.42263e+06 2.01676e-14
5.83534e+06 1.86076e-14
6.27947e+06 1.71311e-14
6.75740e+06 1.57281e-14
7.27171e+06 1.43892e-14
7.82516e+06 1.31054e-14
8.42074e+06 1.18679e-14
9.06164e+06 1.06667e-14
9.75132e+06 9.49110e-15
1.04935e+07 8.32662e-15
1.12922e+07 7.15782e-15
1.21516e+07 5.96493e-15
1.30765e+07 4.72726e-15
1.40717e+07 3.43864e-15
1.51427e+07 2.14435e-15
1.62952e+07 9.98621e-16
1.75355e+07 2.52531e-16
1.88701e+07 1.31002e-17
2.03063e+07 8.54309e-22
2.18518e+07 0.00000e+00
