1.00000e+01 1.83824e-23
1.12648e+01 1.83824e-23
1.26897e+01 1.83824e-23
1.42947e+01 1.83822e-23
1.61027e+01 1.83824e-23
1.81395e+01 1.83824e-23
2.04338e+01 1.83824e-23
2.30183e+01 1.83824e-23
2.59298e+01 1.83824e-23
2.92095e+01 1.83824e-23
3.29040e+01 1.83824e-23
3.70658e+01 1.83824e-23
4.17540e+01 1.83824e-23
4.70352e+01 1.83823e-23
5.29844e+01 1.83824e-23
5.96860e+01 1.83824e-23
6.72353e+01 1.83823e-23
7.57395e+01 1.83824e-23
8.53193e+01 1.83824e-23
9.61107e+01 1.83824e-23
1.08267e+02 1.83823e-23
1.21961e+02 1.83822e-23
1.37387e+02 1.83823e-23
1.54764e+02 1.83823e-23
1.74340e+02 1.83823e-23
1.96391e+02 1.83823e-23
2.21231e+02 1.83823e-23
2.49213e+02 1.83823e-23
2.80734e+02 1.83823e-23
3.16243e+02 1.83823e-23
3.56242e+02 1.83823e-23
4.01301e+02 1.83823e-23
4.52059e+02 1.83823e-23
5.09237e+02 1.83823e-23
5.73647e+02 1.83823e-23
6.46204e+02 1.83823e-23
7.27938e+02 1.83823e-23
8.20010e+02 1.83823e-23
9.23727e+02 1.83823e-23
1.04056e+03 1.83823e-23
1.17218e+03 1.83823e-23
1.32044e+03 1.83823e-23
1.48745e+03 1.83823e-23
1.67559e+03 1.83823e-23
1.88753e+03 1.83823e-23
2.12627e+03 1.83823e-23
2.39520e+03 1.83823e-23
2.69816e+03 1.83823e-23
3.03943e+03 1.83823e-23
3.42387e+03 1.83823e-23
3.85693e+03 1.83823e-23
4.34477e+03 1.83823e-23
4.89431e+03 1.83823e-23
5.51336e+03 1.83823e-23
6.21071e+03 1.83823e-23
6.99626e+03 1.83823e-23
7.88117e+03 1.83823e-23
8.87801e+03 1.83823e-23
1.00009e+04 1.83823e-23
1.12659e+04 1.83823e-23
1.26908e+04 1.83823e-23
1.42960e+04 1.83823e-23
1.61042e+04 1.83823e-23
1.81411e+04 1.83823e-23
2.04357e+04 1.83827e-23
2.30205e+04 1.83827e-23
2.59322e+04 1.83827e-23
2.92122e+04 1.83827e-23
3.29070e+04 1.83827e-23
3.70692e+04 1.83827e-23
4.17579e+04 1.83828e-23
4.70396e+04 1.83827e-23
5.29893e+04 1.83827e-23
5.96916e+04 1.83827e-23
6.72416e+04 1.83827e-23
7.57465e+04 1.83827e-23
8.53272e+04 1.83828e-23
9.61197e+04 1.83827e-23
1.08277e+05 1.83827e-23
1.21973e+05 1.83828e-23
1.37400e+05 1.83828e-23
1.54779e+05 1.83828e-23
1.74356e+05 1.83828e-23
1.96409e+05 1.83828e-23
2.21252e+05 1.83828e-23
2.49236e+05 1.83828e-23
2.80761e+05 1.83828e-23
3.16272e+05 1.83828e-23
3.56275e+05 1.83828e-23
4.01338e+05 1.83828e-23
4.52101e+05 1.83828e-23
5.09284e+05 1.83828e-23
5.73700e+05 1.83828e-23
6.46264e+05 1.83828e-23
7.28006e+05 1.83828e-23
8.20086e+05 1.83829e-23
9.23814e+05 1.83829e-23
1.04066e+06 1.83828e-23
1.17229e+06 1.83829e-23
1.32056e+06 1.83830e-23
1.48759e+06 1.83830e-23
1.67575e+06 1.83830e-23
1.88770e+06 1.83831e-23
2.12647e+06 1.83832e-23
2.39543e+06 1.83831e-23
2.69841e+06 1.83832e-23
3.03971e+06 1.83833e-23
3.42419e+06 1.83833e-23
3.85729e+06 1.83834e-23
4.34517e+06 1.83835e-23
4.89477e+06 1.83836e-23
5.51388e+06 1.83837e-23
6.21129e+06 1.83838e-23
6.99692e+06 1.83839e-23
7.88191e+06 1.83841e-23
8.87884e+06 1.83842e-23
1.00019e+07 1.83844e-23
1.12669e+07 1.83846e-23
1.26920e+07 1.83849e-23
1.42974e+07 1.83851e-23
1.61057e+07 1.83854e-23
1.81428e+07 1.83860e-23
2.04376e+07 1.83863e-23
2.30226e+07 1.83868e-23
2.59346e+07 1.83872e-23
2.92149e+07 1.83877e-23
3.29101e+07 1.83884e-23
3.70727e+07 1.83891e-23
4.17618e+07 1.83899e-23
4.70440e+07 1.83908e-23
5.29943e+07 1.83919e-23
5.96972e+07 1.83929e-23
6.72479e+07 1.83942e-23
7.57536e+07 1.83958e-23
8.53352e+07 1.83974e-23
9.61287e+07 1.83994e-23
1.08287e+08 1.84013e-23
1.21984e+08 1.84037e-23
1.37413e+08 1.84060e-23
1.54793e+08 1.84093e-23
1.74372e+08 1.84126e-23
1.96427e+08 1.84162e-23
2.21272e+08 1.84204e-23
2.49260e+08 1.84256e-23
2.80787e+08 1.84307e-23
3.16302e+08 1.84369e-23
3.56309e+08 1.84439e-23
4.01376e+08 1.84516e-23
4.52143e+08 1.84603e-23
5.09332e+08 1.84701e-23
5.73754e+08 1.84813e-23
6.46324e+08 1.84936e-23
7.28074e+08 1.85078e-23
8.20163e+08 1.85238e-23
9.23900e+08 1.85418e-23
1.04076e+09 1.85620e-23
1.17240e+09 1.85851e-23
1.32069e+09 1.86110e-23
1.48773e+09 1.86401e-23
1.67590e+09 1.86731e-23
1.88788e+09 1.87105e-23
2.12666e+09 1.87526e-23
2.39565e+09 1.88003e-23
2.69866e+09 1.88544e-23
3.04000e+09 1.89154e-23
3.42451e+09 1.89849e-23
3.85765e+09 1.90634e-23
4.34558e+09 1.91527e-23
4.89523e+09 1.92541e-23
5.51439e+09 1.93697e-23
6.21187e+09 1.95014e-23
6.99757e+09 1.96515e-23
7.88265e+09 1.98231e-23
8.87967e+09 2.00197e-23
1.00028e+10 2.02453e-23
1.12680e+10 2.05047e-23
1.26932e+10 2.08040e-23
1.42987e+10 2.11509e-23
1.61072e+10 2.15540e-23
1.81445e+10 2.20246e-23
2.04395e+10 2.25770e-23
2.30248e+10 2.32292e-23
2.59370e+10 2.40050e-23
2.92176e+10 2.49354e-23
3.29132e+10 2.60623e-23
3.70762e+10 2.74440e-23
4.17657e+10 2.91624e-23
4.70484e+10 3.13390e-23
5.29992e+10 3.41574e-23
5.97027e+10 3.79128e-23
6.72542e+10 4.31078e-23
7.57607e+10 5.06699e-23
8.53432e+10 6.25117e-23
9.61377e+10 8.32829e-23
1.08298e+11 1.27812e-22
1.21995e+11 2.80646e-22
1.37426e+11 1.50917e-21
1.54808e+11 5.29072e-23
1.74388e+11 2.29719e-25
1.96446e+11 0.00000e+00
