1.00000e+01 2.72335e-21
1.11405e+01 2.72335e-21
1.24111e+01 2.72333e-21
1.38266e+01 2.72335e-21
1.54036e+01 2.72335e-21
1.71604e+01 2.72333e-21
1.91175e+01 2.72335e-21
2.12979e+01 2.72335e-21
2.37270e+01 2.72333e-21
2.64331e+01 2.72333e-21
2.94478e+01 2.72334e-21
3.28064e+01 2.72335e-21
3.65480e+01 2.72334e-21
4.07164e+01 2.72334e-21
4.53602e+01 2.72329e-21
5.05336e+01 2.72334e-21
5.62970e+01 2.72334e-21
6.27178e+01 2.72334e-21
6.98709e+01 2.72334e-21
7.78398e+01 2.72334e-21
8.67175e+01 2.72334e-21
9.66078e+01 2.72334e-21
1.07626e+02 2.72334e-21
1.19901e+02 2.72334e-21
1.33576e+02 2.72334e-21
1.48810e+02 2.72334e-21
1.65783e+02 2.72334e-21
1.84690e+02 2.72334e-21
2.05755e+02 2.72334e-21
2.29221e+02 2.72334e-21
2.55364e+02 2.72334e-21
2.84489e+02 2.72334e-21
3.16936e+02 2.72334e-21
3.53083e+02 2.72334e-21
3.93352e+02 2.72334e-21
4.38215e+02 2.72334e-21
4.88194e+02 2.72334e-21
5.43873e+02 2.72334e-21
6.05903e+02 2.72334e-21
6.75007e+02 2.72334e-21
7.51993e+02 2.72334e-21
8.37759e+02 2.72334e-21
9.33307e+02 2.72334e-21
1.03975e+03 2.72334e-21
1.15834e+03 2.72334e-21
1.29045e+03 2.72334e-21
1.43763e+03 2.72334e-21
1.60159e+03 2.72334e-21
1.78425e+03 2.72334e-21
1.98775e+03 2.72334e-21
2.21446e+03 2.72334e-21
2.46702e+03 2.72334e-21
2.74839e+03 2.72334e-21
3.06184e+03 2.72334e-21
3.41105e+03 2.72334e-21
3.80009e+03 2.72334e-21
4.23350e+03 2.72334e-21
4.71633e+03 2.72334e-21
5.25424e+03 2.72334e-21
5.85349e+03 2.72334e-21
6.52110e+03 2.72334e-21
7.26484e+03 2.72334e-21
8.09340e+03 2.72334e-21
9.01647e+03 2.72334e-21
1.00448e+04 2.72339e-21
1.11904e+04 2.72339e-21
1.24667e+04 2.72340e-21
1.38886e+04 2.72340e-21
1.54726e+04 2.72340e-21
1.72373e+04 2.72340e-21
1.92032e+04 2.72340e-21
2.13934e+04 2.72340e-21
2.38333e+04 2.72340e-21
2.65516e+04 2.72340e-21
2.95798e+04 2.72340e-21
3.29534e+04 2.72341e-21
3.67118e+04 2.72341e-21
4.08989e+04 2.72338e-21
4.55635e+04 2.72341e-21
5.07601e+04 2.72342e-21
5.65493e+04 2.72342e-21
6.29989e+04 2.72342e-21
7.01840e+04 2.72343e-21
7.81886e+04 2.72343e-21
8.71061e+04 2.72344e-21
9.70407e+04 2.72344e-21
1.08108e+05 2.72345e-21
1.20438e+05 2.72346e-21
1.34175e+05 2.72345e-21
1.49477e+05 2.72346e-21
1.66526e+05 2.72348e-21
1.85518e+05 2.72350e-21
2.06677e+05 2.72347e-21
2.30249e+05 2.72348e-21
2.56509e+05 2.72350e-21
2.85764e+05 2.72353e-21
3.18356e+05 2.72355e-21
3.54665e+05 2.72357e-21
3.95115e+05 2.72360e-21
4.40179e+05 2.72362e-21
4.90382e+05 2.72365e-21
5.46311e+05 2.72369e-21
6.08618e+05 2.72372e-21
6.78032e+05 2.72377e-21
7.55363e+05 2.72381e-21
8.41513e+05 2.72387e-21
9.37489e+05 2.72395e-21
1.04441e+06 2.72400e-21
1.16353e+06 2.72406e-21
1.29623e+06 2.72414e-21
1.44407e+06 2.72426e-21
1.60877e+06 2.72433e-21
1.79225e+06 2.72444e-21
1.99666e+06 2.72454e-21
2.22438e+06 2.72465e-21
2.47807e+06 2.72484e-21
2.76070e+06 2.72499e-21
3.07557e+06 2.72519e-21
3.42634e+06 2.72540e-21
3.81712e+06 2.72561e-21
4.25247e+06 2.72589e-21
4.73747e+06 2.72616e-21
5.27779e+06 2.72650e-21
5.87973e+06 2.72684e-21
6.55032e+06 2.72723e-21
7.29739e+06 2.72769e-21
8.12968e+06 2.72816e-21
9.05688e+06 2.72871e-21
1.00898e+07 2.72932e-21
1.12406e+07 2.73000e-21
1.25226e+07 2.73076e-21
1.39508e+07 2.73160e-21
1.55419e+07 2.73254e-21
1.73145e+07 2.73360e-21
1.92893e+07 2.73477e-21
2.14893e+07 2.73605e-21
2.39401e+07 2.73752e-21
2.66705e+07 2.73915e-21
2.97124e+07 2.74097e-21
3.31011e+07 2.74298e-21
3.68764e+07 2.74524e-21
4.10822e+07 2.74774e-21
4.57677e+07 2.75056e-21
5.09875e+07 2.75370e-21
5.68028e+07 2.75721e-21
6.32812e+07 2.76112e-21
7.04985e+07 2.76552e-21
7.85390e+07 2.77040e-21
8.74965e+07 2.77586e-21
9.74756e+07 2.78202e-21
1.08593e+08 2.78888e-21
1.20978e+08 2.79657e-21
1.34776e+08 2.80520e-21
1.50147e+08 2.81490e-21
1.67272e+08 2.82579e-21
1.86349e+08 2.83803e-21
2.07603e+08 2.85179e-21
2.31280e+08 2.86732e-21
2.57658e+08 2.88485e-21
2.87045e+08 2.90464e-21
3.19783e+08 2.92707e-21
3.56254e+08 2.95255e-21
3.96886e+08 2.98153e-21
4.42151e+08 3.01458e-21
4.92579e+08 3.05241e-21
5.48759e+08 3.09581e-21
6.11346e+08 3.14591e-21
6.81071e+08 3.20394e-21
7.58748e+08 3.27155e-21
8.45285e+08 3.35084e-21
9.41691e+08 3.44456e-21
1.04909e+09 3.55638e-21
1.16874e+09 3.69129e-21
1.30204e+09 3.85631e-21
1.45054e+09 4.06158e-21
1.61598e+09 4.32265e-21
1.80028e+09 4.66389e-21
2.00561e+09 5.12776e-21
2.23435e+09 5.79192e-21
2.48918e+09 6.82164e-21
2.77308e+09 8.63995e-21
3.08935e+09 1.27697e-20
3.44170e+09 3.25918e-20
3.83423e+09 4.90478e-19
4.27153e+09 1.54887e-19
4.75870e+09 8.81139e-20
5.30144e+09 5.94713e-20
5.90608e+09 4.34956e-20
6.57968e+09 3.32520e-20
7.33010e+09 2.60754e-20
8.16611e+09 2.06996e-20
9.09747e+09 1.64608e-20
1.01350e+10 1.29546e-20
1.12910e+10 9.90797e-21
1.25787e+10 7.11166e-21
1.40133e+10 4.41441e-21
1.56116e+10 1.91410e-21
1.73921e+10 3.03409e-22
1.93757e+10 6.50852e-25
2.15856e+10 0.00000e+00
