1.00000e+01 7.05870e-07
1.05149e+01 6.29392e-07
1.10564e+01 1.34285e-06
1.16257e+01 9.08268e-07
1.22244e+01 6.32104e-07
1.28538e+01 9.14200e-07
1.35157e+01 5.94987e-07
1.42117e+01 6.07361e-07
1.49435e+01 6.58319e-07
1.57130e+01 4.54734e-07
1.65221e+01 6.26833e-07
1.73729e+01 5.10709e-07
1.82675e+01 4.68659e-07
1.92081e+01 5.05987e-07
2.01972e+01 4.77756e-07
2.12372e+01 4.14605e-07
2.23308e+01 4.42377e-07
2.34807e+01 4.24932e-07
2.46898e+01 4.18003e-07
2.59611e+01 3.96691e-07
2.72979e+01 3.78483e-07
2.87036e+01 3.56056e-07
3.01816e+01 3.47805e-07
3.17358e+01 3.54172e-07
3.33700e+01 3.17177e-07
3.50883e+01 2.99862e-07
3.68951e+01 2.87300e-07
3.87950e+01 2.69501e-07
4.07926e+01 2.58871e-07
4.28932e+01 2.44058e-07
4.51019e+01 2.35096e-07
4.74244e+01 2.21380e-07
4.98664e+01 2.10881e-07
5.24342e+01 2.01253e-07
5.51342e+01 1.93754e-07
5.79732e+01 1.82939e-07
6.09584e+01 1.73277e-07
6.40974e+01 1.66421e-07
6.73980e+01 1.56912e-07
7.08685e+01 1.49483e-07
7.45178e+01 1.42051e-07
7.83549e+01 1.34417e-07
8.23897e+01 1.28664e-07
8.66322e+01 1.21923e-07
9.10932e+01 1.16017e-07
9.57839e+01 1.10853e-07
1.00716e+02 1.05069e-07
1.05902e+02 1.00047e-07
1.11356e+02 9.53190e-08
1.17090e+02 9.05382e-08
1.23119e+02 8.61476e-08
1.29459e+02 8.20336e-08
1.36125e+02 7.78322e-08
1.43134e+02 7.40751e-08
1.50505e+02 7.05185e-08
1.58255e+02 6.70435e-08
1.66404e+02 6.37852e-08
1.74973e+02 6.06486e-08
1.83983e+02 5.76171e-08
1.93456e+02 5.48153e-08
2.03418e+02 5.21525e-08
2.13893e+02 4.95903e-08
2.24907e+02 4.71747e-08
2.36488e+02 4.48411e-08
2.48666e+02 4.26650e-08
2.61470e+02 4.05763e-08
2.74934e+02 3.85971e-08
2.89091e+02 3.66986e-08
3.03978e+02 3.49015e-08
3.19631e+02 3.31914e-08
3.36089e+02 3.15704e-08
3.53396e+02 3.00204e-08
3.71593e+02 2.85560e-08
3.90728e+02 2.71610e-08
4.10848e+02 2.58335e-08
4.32003e+02 2.45659e-08
4.54249e+02 2.33691e-08
4.77639e+02 2.22261e-08
5.02235e+02 2.11363e-08
5.28096e+02 2.01031e-08
5.55290e+02 1.91225e-08
5.83884e+02 1.81875e-08
6.13950e+02 1.72983e-08
6.45564e+02 1.64542e-08
6.78806e+02 1.56503e-08
7.13760e+02 1.48852e-08
7.50514e+02 1.41591e-08
7.89160e+02 1.34663e-08
8.29797e+02 1.28100e-08
8.72526e+02 1.21840e-08
9.17455e+02 1.15901e-08
9.64698e+02 1.10235e-08
1.01437e+03 1.04859e-08
1.06661e+03 9.97390e-09
1.12153e+03 9.48798e-09
1.17928e+03 9.02531e-09
1.24001e+03 8.58480e-09
1.30386e+03 8.16655e-09
1.37100e+03 7.76828e-09
1.44159e+03 7.39033e-09
1.51583e+03 7.03001e-09
1.59388e+03 6.68771e-09
1.67596e+03 6.36197e-09
1.76226e+03 6.05211e-09
1.85300e+03 5.75749e-09
1.94842e+03 5.47726e-09
2.04875e+03 5.21080e-09
2.15425e+03 4.95737e-09
2.26517e+03 4.71621e-09
2.38182e+03 4.48700e-09
2.50446e+03 4.26889e-09
2.63343e+03 4.06160e-09
2.76903e+03 3.86408e-09
2.91162e+03 3.67647e-09
3.06154e+03 3.49814e-09
3.21919e+03 3.32822e-09
3.38496e+03 3.16681e-09
3.55926e+03 3.01307e-09
3.74254e+03 2.86696e-09
3.93526e+03 2.72807e-09
4.13790e+03 2.59583e-09
4.35097e+03 2.47022e-09
4.57502e+03 2.35052e-09
4.81060e+03 2.23676e-09
5.05831e+03 2.12870e-09
5.31878e+03 2.02566e-09
5.59266e+03 1.92762e-09
5.88065e+03 1.83451e-09
6.18346e+03 1.74592e-09
6.50187e+03 1.66163e-09
6.83667e+03 1.58146e-09
7.18871e+03 1.50516e-09
7.55888e+03 1.43259e-09
7.94811e+03 1.36346e-09
8.35739e+03 1.29775e-09
8.78774e+03 1.23527e-09
9.24025e+03 1.17575e-09
9.71606e+03 1.11907e-09
1.02164e+04 1.06530e-09
1.07424e+04 1.01398e-09
1.12956e+04 9.65295e-10
1.18773e+04 9.18860e-10
1.24889e+04 8.74698e-10
1.31319e+04 8.32708e-10
1.38081e+04 7.92673e-10
1.45192e+04 7.54567e-10
1.52668e+04 7.18358e-10
1.60530e+04 6.83846e-10
1.68796e+04 6.51006e-10
1.77488e+04 6.19746e-10
1.86627e+04 5.89969e-10
1.96237e+04 5.61620e-10
2.06342e+04 5.34620e-10
2.16967e+04 5.08902e-10
2.28139e+04 4.84403e-10
2.39887e+04 4.61065e-10
2.52240e+04 4.38804e-10
2.65228e+04 4.17620e-10
2.78886e+04 3.97412e-10
2.93247e+04 3.78135e-10
3.08347e+04 3.59743e-10
3.24225e+04 3.42218e-10
3.40920e+04 3.25470e-10
3.58475e+04 3.09492e-10
3.76934e+04 2.94215e-10
3.96344e+04 2.79612e-10
4.16753e+04 2.65662e-10
4.38213e+04 2.52304e-10
4.60778e+04 2.39517e-10
4.84505e+04 2.27263e-10
5.09453e+04 2.15509e-10
5.35687e+04 2.04209e-10
5.63271e+04 1.93363e-10
5.92276e+04 1.82917e-10
6.22774e+04 1.72840e-10
6.54843e+04 1.63118e-10
6.88563e+04 1.53713e-10
7.24019e+04 1.44598e-10
7.61301e+04 1.35743e-10
8.00503e+04 1.27113e-10
8.41723e+04 1.18700e-10
8.85066e+04 1.10450e-10
9.30641e+04 1.02334e-10
9.78563e+04 9.43149e-11
1.02895e+05 8.63484e-11
1.08194e+05 7.83837e-11
1.13765e+05 7.03626e-11
1.19623e+05 6.22165e-11
1.25783e+05 5.38790e-11
1.32260e+05 4.52958e-11
1.39070e+05 3.64719e-11
1.46231e+05 2.75391e-11
1.53761e+05 1.88525e-11
1.61679e+05 1.10649e-11
1.70004e+05 5.03992e-12
1.78759e+05 1.45856e-12
1.87963e+05 1.66231e-13
1.97642e+05 1.69656e-15
2.07820e+05 7.64316e-22
2.18521e+05 0.00000e+00
