1.00000e+01 4.05076e-19
1.10130e+01 4.05072e-19
1.21285e+01 4.05072e-19
1.33571e+01 4.05076e-19
1.47102e+01 4.05076e-19
1.62002e+01 4.05076e-19
1.78413e+01 4.05073e-19
1.96485e+01 4.05068e-19
2.16389e+01 4.05075e-19
2.38308e+01 4.05073e-19
2.62448e+01 4.05075e-19
2.89033e+01 4.05073e-19
3.18311e+01 4.05076e-19
3.50555e+01 4.05072e-19
3.86065e+01 4.05074e-19
4.25172e+01 4.05076e-19
4.68240e+01 4.05075e-19
5.15671e+01 4.05072e-19
5.67907e+01 4.05072e-19
6.25434e+01 4.05072e-19
6.88788e+01 4.05076e-19
7.58560e+01 4.05075e-19
8.35399e+01 4.05072e-19
9.20022e+01 4.05072e-19
1.01322e+02 4.05075e-19
1.11585e+02 4.05072e-19
1.22888e+02 4.05072e-19
1.35337e+02 4.05076e-19
1.49046e+02 4.05073e-19
1.64144e+02 4.05072e-19
1.80771e+02 4.05073e-19
1.99082e+02 4.05074e-19
2.19249e+02 4.05076e-19
2.41458e+02 4.05073e-19
2.65917e+02 4.05073e-19
2.92853e+02 4.05075e-19
3.22518e+02 4.05076e-19
3.55188e+02 4.05076e-19
3.91167e+02 4.05076e-19
4.30791e+02 4.05076e-19
4.74429e+02 4.05076e-19
5.22487e+02 4.05077e-19
5.75413e+02 4.05077e-19
6.33700e+02 4.05077e-19
6.97892e+02 4.05077e-19
7.68586e+02 4.05078e-19
8.46441e+02 4.05078e-19
9.32183e+02 4.05078e-19
1.02661e+03 4.05079e-19
1.13060e+03 4.05079e-19
1.24513e+03 4.05080e-19
1.37125e+03 4.05080e-19
1.51016e+03 4.05081e-19
1.66313e+03 4.05081e-19
1.83160e+03 4.05082e-19
2.01714e+03 4.05084e-19
2.22147e+03 4.05085e-19
2.44649e+03 4.05086e-19
2.69431e+03 4.05087e-19
2.96724e+03 4.05088e-19
3.26781e+03 4.05089e-19
3.59883e+03 4.05091e-19
3.96337e+03 4.05092e-19
4.36485e+03 4.05088e-19
4.80700e+03 4.05116e-19
5.29393e+03 4.05112e-19
5.83018e+03 4.05120e-19
6.42076e+03 4.05117e-19
7.07116e+03 4.05125e-19
7.78745e+03 4.05124e-19
8.57629e+03 4.05130e-19
9.44504e+03 4.05131e-19
1.04018e+04 4.05138e-19
1.14555e+04 4.05142e-19
1.26158e+04 4.05145e-19
1.38938e+04 4.05152e-19
1.53012e+04 4.05157e-19
1.68511e+04 4.05162e-19
1.85581e+04 4.05172e-19
2.04380e+04 4.05177e-19
2.25083e+04 4.05186e-19
2.47883e+04 4.05195e-19
2.72992e+04 4.05206e-19
3.00646e+04 4.05221e-19
3.31100e+04 4.05237e-19
3.64639e+04 4.05250e-19
4.01576e+04 4.05262e-19
4.42254e+04 4.05282e-19
4.87053e+04 4.05299e-19
5.36390e+04 4.05321e-19
5.90724e+04 4.05343e-19
6.50563e+04 4.05373e-19
7.16462e+04 4.05400e-19
7.89038e+04 4.05429e-19
8.68964e+04 4.05464e-19
9.56987e+04 4.05502e-19
1.05393e+05 4.05541e-19
1.16069e+05 4.05588e-19
1.27826e+05 4.05636e-19
1.40774e+05 4.05690e-19
1.55034e+05 4.05758e-19
1.70739e+05 4.05825e-19
1.88034e+05 4.05898e-19
2.07081e+05 4.05979e-19
2.28058e+05 4.06072e-19
2.51159e+05 4.06169e-19
2.76601e+05 4.06277e-19
3.04619e+05 4.06403e-19
3.35476e+05 4.06537e-19
3.69459e+05 4.06682e-19
4.06884e+05 4.06840e-19
4.48100e+05 4.07025e-19
4.93491e+05 4.07220e-19
5.43480e+05 4.07443e-19
5.98532e+05 4.07682e-19
6.59161e+05 4.07951e-19
7.25932e+05 4.08243e-19
7.99467e+05 4.08564e-19
8.80450e+05 4.08920e-19
9.69636e+05 4.09322e-19
1.06786e+06 4.09754e-19
1.17603e+06 4.10237e-19
1.29515e+06 4.10772e-19
1.42635e+06 4.11367e-19
1.57083e+06 4.12023e-19
1.72995e+06 4.12752e-19
1.90519e+06 4.13554e-19
2.09818e+06 4.14445e-19
2.31072e+06 4.15435e-19
2.54479e+06 4.16545e-19
2.80257e+06 4.17766e-19
3.08646e+06 4.19134e-19
3.39910e+06 4.20659e-19
3.74342e+06 4.22362e-19
4.12262e+06 4.24275e-19
4.54022e+06 4.26409e-19
5.00013e+06 4.28807e-19
5.50663e+06 4.31511e-19
6.06443e+06 4.34557e-19
6.67874e+06 4.38005e-19
7.35527e+06 4.41920e-19
8.10033e+06 4.46374e-19
8.92087e+06 4.51482e-19
9.82452e+06 4.57359e-19
1.08197e+07 4.64176e-19
1.19157e+07 4.72110e-19
1.31227e+07 4.81439e-19
1.44520e+07 4.92504e-19
1.59160e+07 5.05813e-19
1.75282e+07 5.22040e-19
1.93037e+07 5.42204e-19
2.12591e+07 5.67854e-19
2.34126e+07 6.01490e-19
2.57842e+07 6.47499e-19
2.83961e+07 7.14243e-19
3.12725e+07 8.20161e-19
3.44403e+07 1.01579e-18
3.79290e+07 1.50904e-18
4.17711e+07 5.61885e-18
4.60023e+07 3.33153e-16
5.06622e+07 1.34779e-16
5.57941e+07 8.15095e-17
6.14459e+07 5.68506e-17
6.76701e+07 4.26794e-17
7.45249e+07 3.35104e-17
8.20740e+07 2.71178e-17
9.03878e+07 2.24228e-17
9.95438e+07 1.88429e-17
1.09627e+08 1.60338e-17
1.20732e+08 1.37793e-17
1.32962e+08 1.19377e-17
1.46430e+08 1.04101e-17
1.61263e+08 9.12779e-18
1.77599e+08 8.04049e-18
1.95589e+08 7.11053e-18
2.15401e+08 6.30841e-18
2.37221e+08 5.61207e-18
2.61250e+08 5.00410e-18
2.87714e+08 4.47064e-18
3.16859e+08 3.99974e-18
3.48955e+08 3.58251e-18
3.84303e+08 3.21091e-18
4.23232e+08 2.87851e-18
4.66104e+08 2.57976e-18
5.13318e+08 2.30963e-18
5.65316e+08 2.06467e-18
6.22580e+08 1.84051e-18
6.85646e+08 1.63428e-18
7.55099e+08 1.44281e-18
8.31588e+08 1.26326e-18
9.15825e+08 1.09287e-18
1.00859e+09 9.28512e-19
1.11076e+09 7.66621e-19
1.22328e+09 6.02588e-19
1.34719e+09 4.31644e-19
1.48366e+09 2.55044e-19
1.63395e+09 9.73860e-20
1.79946e+09 1.16051e-20
1.98174e+09 9.92296e-24
2.18248e+09 0.00000e+00
