1.00000e+01 5.60635e-17
1.08863e+01 5.60634e-17
1.18512e+01 5.60635e-17
1.29016e+01 5.60635e-17
1.40452e+01 5.60636e-17
1.52900e+01 5.60632e-17
1.66452e+01 5.60637e-17
1.81205e+01 5.60636e-17
1.97266e+01 5.60637e-17
2.14751e+01 5.60635e-17
2.33785e+01 5.60640e-17
2.54506e+01 5.60636e-17
2.77063e+01 5.60642e-17
3.01620e+01 5.60643e-17
3.28354e+01 5.60644e-17
3.57457e+01 5.60645e-17
3.89140e+01 5.60646e-17
4.23630e+01 5.60648e-17
4.61178e+01 5.60649e-17
5.02054e+01 5.60651e-17
5.46553e+01 5.60653e-17
5.94995e+01 5.60655e-17
6.47732e+01 5.60657e-17
7.05142e+01 5.60659e-17
7.67641e+01 5.60662e-17
8.35680e+01 5.60665e-17
9.09749e+01 5.60665e-17
9.90383e+01 5.60669e-17
1.07816e+02 5.60673e-17
1.17373e+02 5.60669e-17
1.27776e+02 5.60674e-17
1.39101e+02 5.60678e-17
1.51430e+02 5.60683e-17
1.64851e+02 5.60692e-17
1.79463e+02 5.60703e-17
1.95369e+02 5.60711e-17
2.12685e+02 5.60716e-17
2.31536e+02 5.60724e-17
2.52058e+02 5.60728e-17
2.74399e+02 5.60740e-17
2.98720e+02 5.60746e-17
3.25196e+02 5.60758e-17
3.54020e+02 5.60766e-17
3.85397e+02 5.60775e-17
4.19556e+02 5.60797e-17
4.56743e+02 5.60800e-17
4.97226e+02 5.60822e-17
5.41297e+02 5.60849e-17
5.89273e+02 5.60867e-17
6.41503e+02 5.60894e-17
6.98361e+02 5.60905e-17
7.60259e+02 5.60922e-17
8.27643e+02 5.60964e-17
9.01000e+02 5.60989e-17
9.80859e+02 5.61027e-17
1.06780e+03 5.61063e-17
1.16244e+03 5.61102e-17
1.26547e+03 5.61144e-17
1.37763e+03 5.61190e-17
1.49973e+03 5.61231e-17
1.63266e+03 5.61292e-17
1.77737e+03 5.61349e-17
1.93490e+03 5.61416e-17
2.10640e+03 5.61478e-17
2.29310e+03 5.61608e-17
2.49634e+03 5.61685e-17
2.71760e+03 5.61768e-17
2.95847e+03 5.61873e-17
3.22069e+03 5.61971e-17
3.50615e+03 5.62101e-17
3.81691e+03 5.62224e-17
4.15522e+03 5.62365e-17
4.52351e+03 5.62519e-17
4.92444e+03 5.62685e-17
5.36091e+03 5.62853e-17
5.83606e+03 5.63060e-17
6.35333e+03 5.63275e-17
6.91645e+03 5.63513e-17
7.52948e+03 5.63766e-17
8.19684e+03 5.64041e-17
8.92335e+03 5.64346e-17
9.71426e+03 5.64681e-17
1.05753e+04 5.65044e-17
1.15126e+04 5.65434e-17
1.25330e+04 5.65872e-17
1.36438e+04 5.66348e-17
1.48531e+04 5.66864e-17
1.61696e+04 5.67425e-17
1.76028e+04 5.68052e-17
1.91630e+04 5.68734e-17
2.08614e+04 5.69464e-17
2.27104e+04 5.70287e-17
2.47233e+04 5.71190e-17
2.69147e+04 5.72173e-17
2.93002e+04 5.73238e-17
3.18972e+04 5.74443e-17
3.47243e+04 5.75741e-17
3.78020e+04 5.77199e-17
4.11526e+04 5.78795e-17
4.48000e+04 5.80532e-17
4.87708e+04 5.82483e-17
5.30935e+04 5.84650e-17
5.77994e+04 5.87059e-17
6.29223e+04 5.89717e-17
6.84994e+04 5.92721e-17
7.45707e+04 5.96042e-17
8.11801e+04 5.99788e-17
8.83754e+04 6.04006e-17
9.62084e+04 6.08766e-17
1.04736e+05 6.14173e-17
1.14019e+05 6.20332e-17
1.24125e+05 6.27426e-17
1.35126e+05 6.35601e-17
1.47103e+05 6.45146e-17
1.60141e+05 6.56350e-17
1.74335e+05 6.69685e-17
1.89787e+05 6.85758e-17
2.06608e+05 7.05474e-17
2.24920e+05 7.30148e-17
2.44856e+05 7.61941e-17
2.66558e+05 8.04329e-17
2.90184e+05 8.63780e-17
3.15904e+05 9.53304e-17
3.43904e+05 1.10433e-16
3.74385e+05 1.41730e-16
4.07568e+05 2.48902e-16
4.43692e+05 1.40478e-12
4.83018e+05 2.25264e-13
5.25829e+05 1.17969e-13
5.72435e+05 7.76398e-14
6.23172e+05 5.65909e-14
6.78406e+05 4.36995e-14
7.38535e+05 3.50221e-14
8.03994e+05 2.87991e-14
8.75255e+05 2.41347e-14
9.52832e+05 2.05166e-14
1.03728e+06 1.76412e-14
1.12922e+06 1.53068e-14
1.22931e+06 1.33811e-14
1.33827e+06 1.17705e-14
1.45688e+06 1.04070e-14
1.58601e+06 9.24335e-15
1.72658e+06 8.24082e-15
1.87962e+06 7.37134e-15
2.04621e+06 6.61262e-15
2.22757e+06 5.94707e-15
2.42501e+06 5.36037e-15
2.63995e+06 4.84116e-15
2.87393e+06 4.37980e-15
3.12866e+06 3.96878e-15
3.40596e+06 3.60118e-15
3.70785e+06 3.27179e-15
4.03648e+06 2.97599e-15
4.39425e+06 2.70966e-15
4.78373e+06 2.46949e-15
5.20773e+06 2.25259e-15
5.66930e+06 2.05622e-15
6.17179e+06 1.87833e-15
6.71882e+06 1.71694e-15
7.31433e+06 1.57042e-15
7.96262e+06 1.43712e-15
8.66838e+06 1.31578e-15
9.43668e+06 1.20532e-15
1.02731e+07 1.10455e-15
1.11836e+07 1.01256e-15
1.21749e+07 9.28603e-16
1.32540e+07 8.51851e-16
1.44287e+07 7.81656e-16
1.57076e+07 7.17458e-16
1.70998e+07 6.58652e-16
1.86154e+07 6.04763e-16
2.02653e+07 5.55382e-16
2.20615e+07 5.10036e-16
2.40169e+07 4.68404e-16
2.61456e+07 4.30203e-16
2.84630e+07 3.95044e-16
3.09857e+07 3.62691e-16
3.37321e+07 3.32868e-16
3.67219e+07 3.05356e-16
3.99767e+07 2.79938e-16
4.35199e+07 2.56420e-16
4.73772e+07 2.34596e-16
5.15764e+07 2.14304e-16
5.61478e+07 1.95369e-16
6.11244e+07 1.77662e-16
6.65420e+07 1.61003e-16
7.24399e+07 1.45260e-16
7.88605e+07 1.30291e-16
8.58501e+07 1.15942e-16
9.34593e+07 1.02061e-16
1.01743e+08 8.84488e-17
1.10761e+08 7.48955e-17
1.20578e+08 6.10930e-17
1.31265e+08 4.67262e-17
1.42899e+08 3.17099e-17
1.55565e+08 1.69629e-17
1.69353e+08 5.42298e-18
1.84364e+08 4.51500e-19
2.00704e+08 1.26999e-22
2.18494e+08 0.00000e+00
