1.00000e+01 9.30982e-13
1.06373e+01 9.35074e-13
1.13152e+01 9.39557e-13
1.20364e+01 9.44473e-13
1.28034e+01 9.49965e-13
1.36194e+01 9.56095e-13
1.44874e+01 9.62927e-13
1.54107e+01 9.70562e-13
1.63928e+01 9.79215e-13
1.74375e+01 9.89069e-13
1.85488e+01 1.00036e-12
1.97309e+01 1.01336e-12
2.09884e+01 1.02860e-12
2.23260e+01 1.04654e-12
2.37489e+01 1.06809e-12
2.52624e+01 1.09431e-12
2.68724e+01 1.12704e-12
2.85850e+01 1.16904e-12
3.04067e+01 1.22474e-12
3.23445e+01 1.30240e-12
3.44059e+01 1.41886e-12
3.65986e+01 1.61388e-12
3.89310e+01 2.01128e-12
4.14121e+01 3.29764e-12
4.40513e+01 4.07772e-10
4.68587e+01 9.04087e-10
4.98451e+01 1.61812e-10
5.30217e+01 6.04148e-10
5.64008e+01 6.15335e-10
5.99953e+01 3.15143e-10
6.38188e+01 5.09118e-09
6.78860e+01 5.44125e-09
7.22124e+01 3.91843e-09
7.68145e+01 1.17702e-08
8.17100e+01 1.55199e-08
8.69174e+01 6.05222e-09
9.24567e+01 1.05263e-08
9.83490e+01 1.30071e-08
1.04617e+02 1.34138e-08
1.11284e+02 1.21994e-08
1.18376e+02 1.19167e-08
1.25920e+02 1.10281e-08
1.33945e+02 1.10655e-08
1.42482e+02 9.57150e-09
1.51562e+02 9.44968e-09
1.61221e+02 8.62261e-09
1.71496e+02 7.94511e-09
1.82426e+02 7.51248e-09
1.94052e+02 6.80132e-09
2.06419e+02 6.46387e-09
2.19574e+02 5.92241e-09
2.33568e+02 5.49363e-09
2.48453e+02 5.12725e-09
2.64287e+02 4.79331e-09
2.81130e+02 4.41711e-09
2.99047e+02 4.10735e-09
3.18105e+02 3.84737e-09
3.38378e+02 3.56700e-09
3.59943e+02 3.32874e-09
3.82883e+02 3.11085e-09
4.07284e+02 2.89391e-09
4.33240e+02 2.70648e-09
4.60851e+02 2.52980e-09
4.90221e+02 2.36359e-09
5.21463e+02 2.20835e-09
5.54696e+02 2.06752e-09
5.90047e+02 1.93500e-09
6.27651e+02 1.81004e-09
6.67652e+02 1.69441e-09
7.10202e+02 1.58659e-09
7.55463e+02 1.48503e-09
8.03609e+02 1.39231e-09
8.54824e+02 1.30440e-09
9.09302e+02 1.22238e-09
9.67252e+02 1.14545e-09
1.02890e+03 1.07417e-09
1.09447e+03 1.00703e-09
1.16422e+03 9.44430e-10
1.23842e+03 8.85920e-10
1.31734e+03 8.30959e-10
1.40129e+03 7.79683e-10
1.49060e+03 7.31780e-10
1.58560e+03 6.86753e-10
1.68665e+03 6.44564e-10
1.79414e+03 6.04862e-10
1.90848e+03 5.67934e-10
2.03011e+03 5.33183e-10
2.15949e+03 5.00581e-10
2.29711e+03 4.70049e-10
2.44351e+03 4.41371e-10
2.59924e+03 4.14553e-10
2.76489e+03 3.89418e-10
2.94109e+03 3.65730e-10
3.12853e+03 3.43560e-10
3.32792e+03 3.22739e-10
3.54000e+03 3.03162e-10
3.76561e+03 2.84838e-10
4.00560e+03 2.67599e-10
4.26087e+03 2.51438e-10
4.53242e+03 2.36284e-10
4.82128e+03 2.22023e-10
5.12854e+03 2.08639e-10
5.45538e+03 1.96054e-10
5.80306e+03 1.84268e-10
6.17289e+03 1.73167e-10
6.56629e+03 1.62768e-10
6.98476e+03 1.52999e-10
7.42991e+03 1.43779e-10
7.90342e+03 1.35145e-10
8.40711e+03 1.27034e-10
8.94290e+03 1.19413e-10
9.51283e+03 1.12253e-10
1.01191e+04 1.05524e-10
1.07640e+04 9.92080e-11
1.14500e+04 9.32598e-11
1.21797e+04 8.76684e-11
1.29559e+04 8.24445e-11
1.37816e+04 7.75037e-11
1.46599e+04 7.28696e-11
1.55942e+04 6.85074e-11
1.65880e+04 6.44172e-11
1.76452e+04 6.05838e-11
1.87697e+04 5.69603e-11
1.99659e+04 5.35601e-11
2.12384e+04 5.03776e-11
2.25919e+04 4.73653e-11
2.40317e+04 4.45431e-11
2.55632e+04 4.18951e-11
2.71924e+04 3.94028e-11
2.89254e+04 3.70597e-11
3.07688e+04 3.48563e-11
3.27297e+04 3.27855e-11
3.48156e+04 3.08338e-11
3.70344e+04 2.89987e-11
3.93946e+04 2.72796e-11
4.19053e+04 2.56628e-11
4.45759e+04 2.41423e-11
4.74168e+04 2.27097e-11
5.04387e+04 2.13641e-11
5.36531e+04 2.00968e-11
5.70725e+04 1.89095e-11
6.07097e+04 1.77910e-11
6.45788e+04 1.67392e-11
6.86944e+04 1.57490e-11
7.30724e+04 1.48195e-11
7.77293e+04 1.39444e-11
8.26830e+04 1.31221e-11
8.79525e+04 1.23465e-11
9.35577e+04 1.16199e-11
9.95202e+04 1.09355e-11
1.05863e+05 1.02909e-11
1.12609e+05 9.68495e-12
1.19786e+05 9.11522e-12
1.27420e+05 8.57926e-12
1.35541e+05 8.07424e-12
1.44179e+05 7.60037e-12
1.53367e+05 7.15302e-12
1.63141e+05 6.73297e-12
1.73539e+05 6.33703e-12
1.84598e+05 5.96426e-12
1.96363e+05 5.61378e-12
2.08877e+05 5.28365e-12
2.22189e+05 4.97230e-12
2.36349e+05 4.67906e-12
2.51412e+05 4.40321e-12
2.67434e+05 4.14276e-12
2.84478e+05 3.89723e-12
3.02608e+05 3.66557e-12
3.21893e+05 3.44730e-12
3.42408e+05 3.24072e-12
3.64230e+05 3.04590e-12
3.87442e+05 2.86166e-12
4.12134e+05 2.68720e-12
4.38400e+05 2.52222e-12
4.66339e+05 2.36559e-12
4.96059e+05 2.21700e-12
5.27673e+05 2.07566e-12
5.61302e+05 1.94110e-12
5.97074e+05 1.81277e-12
6.35126e+05 1.69006e-12
6.75603e+05 1.57238e-12
7.18659e+05 1.45927e-12
7.64460e+05 1.35029e-12
8.13179e+05 1.24468e-12
8.65004e+05 1.14202e-12
9.20131e+05 1.04161e-12
9.78771e+05 9.42813e-13
1.04115e+06 8.44796e-13
1.10750e+06 7.46657e-13
1.17808e+06 6.47148e-13
1.25316e+06 5.45041e-13
1.33303e+06 4.39318e-13
1.41798e+06 3.30157e-13
1.50835e+06 2.21133e-13
1.60448e+06 1.21586e-13
1.70673e+06 4.66691e-14
1.81550e+06 8.54898e-15
1.93121e+06 2.30050e-16
2.05428e+06 1.99546e-21
2.18521e+06 0.00000e+00
