1.00000e+01 9.97348e-06
1.03940e+01 1.03349e-05
1.08035e+01 9.83599e-06
1.12291e+01 9.48548e-06
1.16715e+01 9.01486e-06
1.21313e+01 8.46353e-06
1.26092e+01 8.37747e-06
1.31060e+01 7.90746e-06
1.36223e+01 7.80867e-06
1.41590e+01 7.40837e-06
1.47168e+01 7.09885e-06
1.52966e+01 6.77004e-06
1.58992e+01 6.54893e-06
1.65256e+01 6.47462e-06
1.71767e+01 6.13403e-06
1.78534e+01 5.84369e-06
1.85568e+01 5.66566e-06
1.92878e+01 5.43170e-06
2.00477e+01 5.22514e-06
2.08375e+01 5.02539e-06
2.16585e+01 4.84726e-06
2.25117e+01 4.70212e-06
2.33986e+01 4.49840e-06
2.43204e+01 4.32167e-06
2.52786e+01 4.19411e-06
2.62745e+01 4.01522e-06
2.73096e+01 3.87933e-06
2.83855e+01 3.71766e-06
2.95038e+01 3.58895e-06
3.06662e+01 3.43930e-06
3.18743e+01 3.30805e-06
3.31301e+01 3.19663e-06
3.44353e+01 3.07215e-06
3.57919e+01 2.94832e-06
3.72020e+01 2.84904e-06
3.86677e+01 2.73400e-06
4.01911e+01 2.63948e-06
4.17744e+01 2.53721e-06
4.34202e+01 2.44050e-06
4.51308e+01 2.34568e-06
4.69089e+01 2.26081e-06
4.87569e+01 2.17257e-06
5.06778e+01 2.09155e-06
5.26743e+01 2.01347e-06
5.47495e+01 1.93477e-06
5.69065e+01 1.86365e-06
5.91484e+01 1.79285e-06
6.14787e+01 1.72578e-06
6.39007e+01 1.65982e-06
6.64182e+01 1.59759e-06
6.90349e+01 1.53775e-06
7.17546e+01 1.47933e-06
7.45815e+01 1.42345e-06
7.75198e+01 1.37001e-06
8.05738e+01 1.31824e-06
8.37482e+01 1.26811e-06
8.70476e+01 1.22081e-06
9.04770e+01 1.17442e-06
9.40415e+01 1.12992e-06
9.77464e+01 1.08730e-06
1.01597e+02 1.04662e-06
1.05600e+02 1.00706e-06
1.09760e+02 9.69078e-07
1.14084e+02 9.32474e-07
1.18579e+02 8.97273e-07
1.23251e+02 8.63445e-07
1.28106e+02 8.30753e-07
1.33153e+02 7.99412e-07
1.38399e+02 7.69341e-07
1.43852e+02 7.40286e-07
1.49519e+02 7.12444e-07
1.55409e+02 6.85550e-07
1.61532e+02 6.59661e-07
1.67896e+02 6.34940e-07
1.74510e+02 6.10977e-07
1.81386e+02 5.87923e-07
1.88532e+02 5.65762e-07
1.95959e+02 5.44485e-07
2.03679e+02 5.23973e-07
2.11704e+02 5.04267e-07
2.20044e+02 4.85283e-07
2.28713e+02 4.67042e-07
2.37724e+02 4.49476e-07
2.47089e+02 4.32560e-07
2.56824e+02 4.16294e-07
2.66942e+02 4.00659e-07
2.77458e+02 3.85581e-07
2.88389e+02 3.71087e-07
2.99751e+02 3.57165e-07
3.11560e+02 3.43745e-07
3.23835e+02 3.30835e-07
3.36593e+02 3.18410e-07
3.49853e+02 3.06468e-07
3.63637e+02 2.94961e-07
3.77963e+02 2.83889e-07
3.92853e+02 2.73251e-07
4.08330e+02 2.62999e-07
4.24417e+02 2.53135e-07
4.41138e+02 2.43655e-07
4.58517e+02 2.34521e-07
4.76581e+02 2.25737e-07
4.95357e+02 2.17283e-07
5.14873e+02 2.09161e-07
5.35157e+02 2.01332e-07
5.56240e+02 1.93787e-07
5.78155e+02 1.86549e-07
6.00932e+02 1.79573e-07
6.24607e+02 1.72851e-07
6.49214e+02 1.66402e-07
6.74791e+02 1.60186e-07
7.01376e+02 1.54202e-07
7.29008e+02 1.48443e-07
7.57728e+02 1.42903e-07
7.87580e+02 1.37569e-07
8.18609e+02 1.32442e-07
8.50859e+02 1.27502e-07
8.84380e+02 1.22751e-07
9.19222e+02 1.18171e-07
9.55436e+02 1.13769e-07
9.93078e+02 1.09533e-07
1.03220e+03 1.05455e-07
1.07287e+03 1.01529e-07
1.11513e+03 9.77431e-08
1.15907e+03 9.41173e-08
1.20473e+03 9.06122e-08
1.25219e+03 8.72413e-08
1.30153e+03 8.39947e-08
1.35280e+03 8.08747e-08
1.40610e+03 7.78687e-08
1.46149e+03 7.49723e-08
1.51907e+03 7.21864e-08
1.57892e+03 6.95028e-08
1.64112e+03 6.69202e-08
1.70578e+03 6.44311e-08
1.77298e+03 6.20361e-08
1.84283e+03 5.97311e-08
1.91543e+03 5.75102e-08
1.99089e+03 5.53703e-08
2.06933e+03 5.33138e-08
2.15085e+03 5.13270e-08
2.23559e+03 4.94156e-08
2.32366e+03 4.75736e-08
2.41521e+03 4.57988e-08
2.51036e+03 4.40881e-08
2.60926e+03 4.24413e-08
2.71206e+03 4.08525e-08
2.81890e+03 3.93216e-08
2.92996e+03 3.78468e-08
3.04539e+03 3.64223e-08
3.16537e+03 3.50488e-08
3.29007e+03 3.37249e-08
3.41969e+03 3.24453e-08
3.55442e+03 3.12136e-08
3.69445e+03 3.00232e-08
3.84000e+03 2.88742e-08
3.99128e+03 2.77638e-08
4.14853e+03 2.66909e-08
4.31197e+03 2.56532e-08
4.48184e+03 2.46509e-08
4.65841e+03 2.36808e-08
4.84194e+03 2.27412e-08
5.03270e+03 2.18317e-08
5.23097e+03 2.09501e-08
5.43705e+03 2.00959e-08
5.65125e+03 1.92657e-08
5.87390e+03 1.84611e-08
6.10531e+03 1.76762e-08
6.34584e+03 1.69161e-08
6.59584e+03 1.61742e-08
6.85570e+03 1.54510e-08
7.12579e+03 1.47453e-08
7.40652e+03 1.40559e-08
7.69832e+03 1.33808e-08
8.00161e+03 1.27190e-08
8.31684e+03 1.20688e-08
8.64450e+03 1.14303e-08
8.98507e+03 1.07998e-08
9.33905e+03 1.01771e-08
9.70698e+03 9.56001e-09
1.00894e+04 8.94597e-09
1.04869e+04 8.33374e-09
1.09000e+04 7.71988e-09
1.13295e+04 7.10275e-09
1.17758e+04 6.47840e-09
1.22397e+04 5.84368e-09
1.27219e+04 5.19597e-09
1.32232e+04 4.53334e-09
1.37441e+04 3.85608e-09
1.42856e+04 3.16915e-09
1.48484e+04 2.48450e-09
1.54334e+04 1.82358e-09
1.60414e+04 1.21897e-09
1.66734e+04 7.10748e-10
1.73302e+04 3.36408e-10
1.80130e+04 1.13397e-10
1.87227e+04 2.08264e-11
1.94603e+04 1.09888e-12
2.02269e+04 2.34404e-15
2.10238e+04 9.20801e-24
2.18521e+04 0.00000e+00
