1.00000e-06 6.12798e-02
1.09699e-06 5.54529e-02
1.20338e-06 5.14771e-02
1.32009e-06 4.72035e-02
1.44812e-06 4.48744e-02
1.58857e-06 4.14013e-02
1.74263e-06 3.76704e-02
1.91164e-06 3.47796e-02
2.09705e-06 3.28719e-02
2.30043e-06 2.98921e-02
2.52354e-06 2.77013e-02
2.76829e-06 2.53191e-02
3.03677e-06 2.36802e-02
3.33129e-06 2.18258e-02
3.65438e-06 1.97882e-02
4.00881e-06 1.85624e-02
4.39760e-06 1.74761e-02
4.82411e-06 1.58252e-02
5.29198e-06 1.42645e-02
5.80523e-06 1.30816e-02
6.36825e-06 1.21672e-02
6.98588e-06 1.11064e-02
7.66341e-06 1.04364e-02
8.40665e-06 9.85317e-03
9.22198e-06 8.85701e-03
1.01164e-05 7.88790e-03
1.10975e-05 7.41301e-03
1.21738e-05 6.78764e-03
1.33545e-05 6.22797e-03
1.46497e-05 5.64402e-03
1.60705e-05 5.35430e-03
1.76291e-05 4.91858e-03
1.93389e-05 4.40668e-03
2.12145e-05 3.99876e-03
2.32720e-05 3.75745e-03
2.55291e-05 3.40766e-03
2.80050e-05 3.11115e-03
3.07211e-05 2.84154e-03
3.37006e-05 2.57200e-03
3.69691e-05 2.47943e-03
4.05546e-05 2.21897e-03
4.44878e-05 1.96885e-03
4.88025e-05 1.81752e-03
5.35357e-05 1.63149e-03
5.87279e-05 1.51590e-03
6.44236e-05 1.37935e-03
7.06718e-05 1.26621e-03
7.75260e-05 1.20780e-03
8.50449e-05 1.02914e-03
9.32930e-05 9.40273e-04
1.02341e-04 8.26963e-04
1.12267e-04 6.40766e-04
1.23155e-04 6.71351e-04
1.35099e-04 6.17517e-04
1.48202e-04 5.83276e-04
1.62576e-04 4.67430e-04
1.78343e-04 3.99088e-04
1.95640e-04 4.18850e-04
2.14614e-04 3.24303e-04
2.35429e-04 3.15363e-04
2.58262e-04 3.39304e-04
2.83310e-04 2.99786e-04
3.10787e-04 2.57473e-04
3.40929e-04 2.72259e-04
3.73994e-04 1.28142e-04
4.10266e-04 2.23189e-04
4.50056e-04 1.26411e-04
4.93705e-04 1.28614e-04
5.41587e-04 1.87105e-04
5.94113e-04 1.19360e-04
6.51734e-04 8.77244e-05
7.14943e-04 6.47311e-05
7.84282e-04 9.32908e-05
8.60346e-04 8.59669e-05
9.43788e-04 7.63044e-05
1.03532e-03 6.02439e-05
1.13573e-03 3.88485e-05
1.24588e-03 5.81726e-05
1.36672e-03 7.02621e-05
1.49927e-03 5.97901e-05
1.64468e-03 5.46821e-05
1.80419e-03 4.24009e-05
1.97917e-03 3.44702e-05
2.17112e-03 4.21638e-05
2.38169e-03 1.73476e-05
2.61268e-03 3.04463e-05
2.86607e-03 2.99243e-05
3.14404e-03 2.68000e-05
3.44896e-03 2.66397e-05
3.78346e-03 1.80516e-05
4.15040e-03 1.34212e-05
4.55294e-03 2.01663e-05
4.99451e-03 1.17631e-05
5.47890e-03 1.44443e-05
6.01028e-03 1.04273e-05
6.59319e-03 1.30261e-05
7.23263e-03 8.33290e-06
7.93410e-03 7.57686e-06
8.70359e-03 9.09390e-06
9.54772e-03 5.03931e-06
1.04737e-02 5.26298e-06
1.14895e-02 5.36364e-06
1.26038e-02 3.79136e-06
1.38262e-02 4.54169e-06
1.51672e-02 3.15207e-06
1.66382e-02 3.26481e-06
1.82518e-02 1.77704e-06
2.00220e-02 3.36264e-06
2.19639e-02 2.92871e-06
2.40940e-02 2.28109e-06
2.64308e-02 2.68345e-06
2.89942e-02 1.94625e-06
3.18063e-02 1.71022e-06
3.48910e-02 1.80689e-06
3.82749e-02 1.60099e-06
4.19871e-02 1.35999e-06
4.60592e-02 1.31795e-06
5.05263e-02 1.50411e-06
5.54266e-02 9.97162e-07
6.08022e-02 9.74279e-07
6.66992e-02 8.26487e-07
7.31681e-02 6.14802e-07
8.02643e-02 7.21939e-07
8.80488e-02 7.10106e-07
9.65883e-02 5.82382e-07
1.05956e-01 5.64996e-07
1.16232e-01 3.87328e-07
1.27505e-01 4.32821e-07
1.39871e-01 4.39340e-07
1.53437e-01 3.15833e-07
1.68318e-01 3.28281e-07
1.84642e-01 3.10991e-07
2.02550e-01 2.67296e-07
2.22195e-01 2.13102e-07
2.43744e-01 2.13860e-07
2.67384e-01 1.65933e-07
2.93317e-01 1.67363e-07
3.21764e-01 1.30558e-07
3.52971e-01 1.18559e-07
3.87204e-01 1.07416e-07
4.24757e-01 8.36944e-08
4.65953e-01 6.05388e-08
5.11143e-01 5.73655e-08
5.60717e-01 5.05878e-08
6.15099e-01 4.07042e-08
6.74754e-01 3.28814e-08
7.40196e-01 2.32152e-08
8.11984e-01 1.82338e-08
8.90735e-01 1.41667e-08
9.77124e-01 8.94603e-09
1.07189e+00 6.83108e-09
1.17585e+00 5.64666e-09
1.28989e+00 3.97201e-09
1.41499e+00 2.42845e-09
1.55223e+00 1.46234e-09
1.70277e+00 1.33991e-09
1.86791e+00 6.25100e-10
2.04907e+00 3.85077e-10
2.24781e+00 2.49301e-10
2.46581e+00 1.53222e-10
2.70496e+00 9.18305e-11
2.96730e+00 5.19637e-11
3.25509e+00 4.10201e-11
3.57079e+00 2.82307e-11
3.91710e+00 2.18589e-11
4.29700e+00 1.69645e-11
4.71375e+00 1.33251e-11
5.17092e+00 1.05604e-11
5.67243e+00 8.39181e-12
6.22257e+00 6.69593e-12
6.82607e+00 5.34879e-12
7.48810e+00 4.28341e-12
8.21434e+00 3.43047e-12
9.01102e+00 2.75149e-12
9.88496e+00 2.20936e-12
1.08437e+01 1.77374e-12
1.18953e+01 1.42376e-12
1.30490e+01 1.14306e-12
1.43146e+01 9.17918e-13
1.57029e+01 7.36336e-13
1.72259e+01 5.91181e-13
1.88965e+01 4.73413e-13
2.07292e+01 3.78741e-13
2.27397e+01 3.02709e-13
2.49451e+01 2.41268e-13
2.73644e+01 1.92025e-13
3.00184e+01 1.52517e-13
3.29297e+01 1.20794e-13
3.61234e+01 9.54309e-14
3.96269e+01 7.51102e-14
4.34701e+01 5.88077e-14
4.76861e+01 4.59623e-14
5.23110e+01 3.57464e-14
5.73844e+01 2.76541e-14
6.29499e+01 2.13167e-14
6.90551e+01 1.63524e-14
7.57525e+01 1.24702e-14
8.30994e+01 9.46357e-15
9.11589e+01 7.12735e-15
1.00000e+02 5.34785e-15
