1.00000e-06 1.13527e-02
1.74333e-06 6.93435e-03
3.03920e-06 4.24524e-03
5.29832e-06 2.49270e-03
9.23671e-06 1.43529e-03
1.61026e-05 8.40870e-04
2.80722e-05 5.15349e-04
4.89390e-05 3.11485e-04
8.53168e-05 1.74133e-04
1.48735e-04 9.54403e-05
2.59294e-04 5.05512e-05
4.52035e-04 3.35053e-05
7.88046e-04 1.82163e-05
1.37382e-03 1.11857e-05
2.39503e-03 5.65842e-06
4.17532e-03 3.21154e-06
7.27895e-03 1.64374e-06
1.26896e-02 8.78016e-07
2.21222e-02 5.29293e-07
3.85662e-02 2.19559e-07
6.72336e-02 1.17642e-07
1.17210e-01 9.25289e-08
2.04336e-01 4.21811e-08
3.56225e-01 1.70763e-08
6.21017e-01 5.46968e-09
1.08264e+00 1.13298e-09
1.88739e+00 5.51343e-11
3.29034e+00 6.34929e-12
5.73615e+00 1.56383e-12
1.00000e+01 4.06158e-13
