1.00000e+01 7.20942e-15
1.15887e+01 7.21001e-15
1.34298e+01 7.21075e-15
1.55634e+01 7.21159e-15
1.80360e+01 7.21257e-15
2.09014e+01 7.21369e-15
2.42221e+01 7.21507e-15
2.80703e+01 7.21668e-15
3.25298e+01 7.21847e-15
3.76979e+01 7.22054e-15
4.36870e+01 7.22301e-15
5.06276e+01 7.22589e-15
5.86709e+01 7.22910e-15
6.79920e+01 7.23303e-15
7.87940e+01 7.23747e-15
9.13121e+01 7.24272e-15
1.05819e+02 7.24875e-15
1.22631e+02 7.25581e-15
1.42113e+02 7.26406e-15
1.64691e+02 7.27366e-15
1.90855e+02 7.28497e-15
2.21177e+02 7.29822e-15
2.56316e+02 7.31377e-15
2.97037e+02 7.33201e-15
3.44227e+02 7.35359e-15
3.98915e+02 7.37913e-15
4.62291e+02 7.40958e-15
5.35736e+02 7.44581e-15
6.20850e+02 7.48938e-15
7.19485e+02 7.54203e-15
8.33790e+02 7.60626e-15
9.66256e+02 7.68523e-15
1.11977e+03 7.78388e-15
1.29766e+03 7.90889e-15
1.50383e+03 8.07086e-15
1.74274e+03 8.28663e-15
2.01961e+03 8.58560e-15
2.34047e+03 9.02402e-15
2.71231e+03 9.72528e-15
3.14321e+03 1.10287e-14
3.64258e+03 1.43487e-14
4.22128e+03 4.47244e-14
4.89192e+03 2.05736e-10
5.66911e+03 8.17103e-11
6.56977e+03 4.81214e-11
7.61351e+03 3.26334e-11
8.82308e+03 2.37666e-11
1.02248e+04 1.80757e-11
1.18493e+04 1.41515e-11
1.37318e+04 1.13066e-11
1.59133e+04 9.17138e-12
1.84415e+04 7.52461e-12
2.13713e+04 6.22887e-12
2.47666e+04 5.19319e-12
2.87013e+04 4.35432e-12
3.32612e+04 3.66797e-12
3.85454e+04 3.10162e-12
4.46692e+04 2.63124e-12
5.17658e+04 2.23802e-12
5.99899e+04 1.90782e-12
6.95206e+04 1.62947e-12
8.05654e+04 1.39395e-12
9.33650e+04 1.19414e-12
1.08198e+05 1.02415e-12
1.25388e+05 8.79213e-13
1.45308e+05 7.55530e-13
1.68393e+05 6.49747e-13
1.95146e+05 5.59176e-13
2.26149e+05 4.81504e-13
2.62078e+05 4.14852e-13
3.03715e+05 3.57622e-13
3.51966e+05 3.08410e-13
4.07884e+05 2.66085e-13
4.72685e+05 2.29653e-13
5.47781e+05 1.98286e-13
6.34807e+05 1.71264e-13
7.35660e+05 1.47971e-13
8.52535e+05 1.27885e-13
9.87979e+05 1.10552e-13
1.14494e+06 9.56013e-14
1.32684e+06 8.26850e-14
1.53764e+06 7.15251e-14
1.78192e+06 6.18753e-14
2.06502e+06 5.35263e-14
2.39309e+06 4.62935e-14
2.77328e+06 4.00191e-14
3.21388e+06 3.45655e-14
3.72447e+06 2.98115e-14
4.31618e+06 2.56510e-14
5.00190e+06 2.19917e-14
5.79656e+06 1.87467e-14
6.71747e+06 1.58395e-14
7.78468e+06 1.31951e-14
9.02144e+06 1.07388e-14
1.04547e+07 8.38534e-15
1.21156e+07 6.01392e-15
1.40405e+07 3.47831e-15
1.62711e+07 1.01869e-15
1.88561e+07 1.37171e-17
2.18518e+07 0.00000e+00
