1.00000e-06 1.46090e-04
1.29155e-06 1.18171e-04
1.66810e-06 9.77661e-05
2.15443e-06 7.79734e-05
2.78256e-06 6.33349e-05
3.59381e-06 5.34767e-05
4.64159e-06 4.09213e-05
5.99484e-06 3.05274e-05
7.74264e-06 2.47423e-05
1.00000e-05 1.62279e-05
1.29155e-05 1.41452e-05
1.66810e-05 9.94961e-06
2.15443e-05 8.21657e-06
2.78256e-05 6.33080e-06
3.59381e-05 5.58952e-06
4.64159e-05 3.52642e-06
5.99484e-05 2.01263e-06
7.74264e-05 1.75419e-06
1.00000e-04 1.77680e-06
1.29155e-04 1.48207e-06
1.66810e-04 1.09793e-06
2.15443e-04 7.49997e-07
2.78256e-04 6.33107e-07
3.59381e-04 4.66175e-07
4.64159e-04 2.99725e-07
5.99484e-04 2.88733e-07
7.74264e-04 2.06788e-07
1.00000e-03 1.46196e-07
1.29155e-03 8.06920e-08
1.66810e-03 7.76893e-08
2.15443e-03 5.94657e-08
2.78256e-03 5.25594e-08
3.59381e-03 5.57942e-08
4.64159e-03 3.03135e-08
5.99484e-03 2.69366e-08
7.74264e-03 1.75960e-08
1.00000e-02 1.49728e-08
1.29155e-02 1.07401e-08
1.66810e-02 7.43043e-09
2.15443e-02 5.57515e-09
2.78256e-02 6.05284e-09
3.59381e-02 3.20376e-09
4.64159e-02 3.26272e-09
5.99484e-02 2.00042e-09
7.74264e-02 1.43365e-09
1.00000e-01 1.33533e-09
1.29155e-01 8.42831e-10
1.66810e-01 5.52370e-10
2.15443e-01 2.43702e-10
2.78256e-01 1.37193e-10
3.59381e-01 7.65807e-11
4.64159e-01 2.27056e-11
5.99484e-01 5.55765e-12
7.74264e-01 1.93346e-12
1.00000e+00 2.90943e-13
1.29155e+00 2.78065e-14
1.66810e+00 6.00921e-15
2.15443e+00 2.87637e-15
2.78256e+00 1.53194e-15
3.59381e+00 8.25260e-16
4.64159e+00 4.47583e-16
5.99484e+00 2.44028e-16
7.74264e+00 1.33559e-16
1.00000e+01 7.32828e-17
