1.000000e-06 9.953268e-38
1.096986e-06 1.050473e-37
1.203378e-06 1.114954e-37
1.320088e-06 1.184784e-37
1.448118e-06 1.246805e-37
1.588565e-06 1.334262e-37
1.742633e-06 1.393978e-37
1.911644e-06 1.455627e-37
2.097046e-06 1.599364e-37
2.300430e-06 1.659870e-37
2.523539e-06 1.849321e-37
2.768287e-06 1.848778e-37
3.036771e-06 1.949531e-37
3.331295e-06 2.251784e-37
3.654383e-06 2.194943e-37
4.008806e-06 2.625243e-37
4.397604e-06 2.586074e-37
4.824109e-06 3.019241e-37
5.291979e-06 3.276474e-37
5.805226e-06 3.378278e-37
6.368250e-06 3.559348e-37
6.985880e-06 4.250303e-37
7.663411e-06 4.181060e-37
8.406653e-06 5.120821e-37
9.221979e-06 5.643703e-37
1.011638e-05 5.190142e-37
1.109752e-05 5.607425e-37
1.217383e-05 6.608861e-37
1.335452e-05 6.625179e-37
1.464971e-05 7.433319e-37
1.607053e-05 8.469525e-37
1.762914e-05 8.538869e-37
1.933892e-05 8.493153e-37
2.121452e-05 9.048143e-37
2.327202e-05 8.767084e-37
2.552908e-05 9.940476e-37
2.800504e-05 1.157028e-36
3.072113e-05 1.202499e-36
3.370064e-05 1.324094e-36
3.696913e-05 1.459769e-36
4.055461e-05 1.467691e-36
4.448783e-05 1.665675e-36
4.880252e-05 1.710294e-36
5.353567e-05 1.770468e-36
5.872787e-05 1.890553e-36
6.442364e-05 2.115977e-36
7.067181e-05 2.219707e-36
7.752597e-05 2.418109e-36
8.504489e-05 2.701661e-36
9.329304e-05 2.943659e-36
1.023411e-04 3.147591e-36
1.122668e-04 3.168071e-36
1.231551e-04 3.628162e-36
1.350994e-04 3.727948e-36
1.482021e-04 3.360636e-36
1.625756e-04 4.140867e-36
1.783431e-04 4.585290e-36
1.956398e-04 4.199327e-36
2.146141e-04 4.693960e-36
2.354286e-04 5.176099e-36
2.582619e-04 5.997202e-36
2.833096e-04 5.718051e-36
3.107866e-04 6.149780e-36
3.409285e-04 6.730508e-36
3.739937e-04 8.485488e-36
4.102658e-04 7.476933e-36
4.500558e-04 1.163392e-35
4.937048e-04 9.152514e-36
5.415871e-04 9.719748e-36
5.941134e-04 1.002215e-35
6.517340e-04 1.301167e-35
7.149429e-04 1.350186e-35
7.842822e-04 1.565990e-35
8.603464e-04 1.222367e-35
9.437878e-04 1.414155e-35
1.035322e-03 1.492629e-35
1.135733e-03 1.658117e-35
1.245883e-03 2.115881e-35
1.366716e-03 2.688528e-35
1.499268e-03 2.861349e-35
1.644676e-03 3.625469e-35
1.804186e-03 4.319317e-35
1.979167e-03 3.293289e-35
2.171118e-03 3.720418e-35
2.381686e-03 4.968983e-35
2.612675e-03 5.461665e-35
2.866068e-03 4.992428e-35
3.144035e-03 6.037679e-35
3.448962e-03 6.031926e-35
3.783463e-03 6.867357e-35
4.150405e-03 6.754781e-35
4.552935e-03 7.172775e-35
4.994505e-03 6.910204e-35
5.478901e-03 8.858490e-35
6.010277e-03 8.846926e-35
6.593188e-03 7.782331e-35
7.232634e-03 8.302230e-35
7.934097e-03 8.120180e-35
8.703591e-03 1.042810e-34
9.547716e-03 8.988914e-35
1.047371e-02 1.001913e-34
1.148951e-02 9.585416e-35
1.260383e-02 1.002819e-34
1.382622e-02 1.039423e-34
1.516717e-02 1.074181e-34
1.663817e-02 1.073236e-34
1.825183e-02 1.132839e-34
2.002200e-02 1.182164e-34
2.196385e-02 1.207547e-34
2.409404e-02 1.297038e-34
2.643081e-02 1.369516e-34
2.899423e-02 1.392588e-34
3.180626e-02 1.464409e-34
3.489101e-02 1.443596e-34
3.827494e-02 1.650362e-34
4.198707e-02 1.626342e-34
4.605922e-02 1.788673e-34
5.052631e-02 1.801835e-34
5.542665e-02 1.939761e-34
6.080224e-02 2.021383e-34
6.669920e-02 2.176385e-34
7.316807e-02 2.324795e-34
8.026434e-02 2.615371e-34
8.804884e-02 2.921600e-34
9.658832e-02 3.165740e-34
1.059560e-01 3.551695e-34
1.162322e-01 3.769744e-34
1.275051e-01 4.197567e-34
1.398713e-01 4.819827e-34
1.534368e-01 5.130243e-34
1.683180e-01 5.386173e-34
1.846425e-01 6.291044e-34
2.025502e-01 6.649328e-34
2.221947e-01 7.343902e-34
2.437444e-01 8.050904e-34
2.673842e-01 9.164473e-34
2.933166e-01 1.021608e-33
3.217642e-01 1.135437e-33
3.529707e-01 1.301033e-33
3.872039e-01 1.507733e-33
4.247572e-01 1.696486e-33
4.659526e-01 1.977765e-33
5.111433e-01 2.307922e-33
5.607170e-01 2.723474e-33
6.150986e-01 3.254194e-33
6.747544e-01 3.934211e-33
7.401960e-01 4.782601e-33
8.119845e-01 5.872851e-33
8.907355e-01 7.201444e-33
9.771242e-01 8.613434e-33
1.071891e+00 8.664040e-33
1.175850e+00 1.304029e-32
1.289890e+00 1.813626e-32
1.414991e+00 2.820715e-32
1.552225e+00 4.373903e-32
1.702769e+00 5.605806e-32
1.867914e+00 6.767913e-32
2.049075e+00 8.075748e-32
2.247806e+00 9.111609e-32
2.465811e+00 1.024458e-31
2.704960e+00 1.149741e-31
2.967302e+00 1.288896e-31
3.255089e+00 1.443621e-31
3.570786e+00 1.615526e-31
3.917101e+00 1.806756e-31
4.297005e+00 2.019441e-31
4.713753e+00 2.256670e-31
5.170920e+00 2.520034e-31
5.672426e+00 2.813783e-31
6.222571e+00 3.140176e-31
6.826072e+00 3.503245e-31
7.488104e+00 3.907664e-31
8.214344e+00 4.356744e-31
9.011018e+00 4.857343e-31
9.884959e+00 5.415413e-31
1.084366e+01 6.037499e-31
1.189534e+01 6.729665e-31
1.304902e+01 7.503659e-31
1.431459e+01 8.368738e-31
1.570290e+01 9.335160e-31
1.722586e+01 1.041799e-30
1.889652e+01 1.163333e-30
2.072922e+01 1.299887e-30
2.273966e+01 1.453621e-30
2.494508e+01 1.627274e-30
2.736440e+01 1.823533e-30
3.001836e+01 2.046023e-30
3.292971e+01 2.298869e-30
3.612343e+01 2.586553e-30
3.962689e+01 2.915709e-30
4.347013e+01 3.292796e-30
4.768612e+01 3.724775e-30
5.231099e+01 4.223412e-30
5.738442e+01 4.799700e-30
6.294989e+01 5.466893e-30
6.905514e+01 6.244944e-30
7.575250e+01 7.151437e-30
8.309942e+01 8.210054e-30
9.115888e+01 9.452231e-30
1.000000e+02 1.091874e-29
