1.00000e+01 9.31097e-13
1.13223e+01 9.39686e-13
1.28194e+01 9.50184e-13
1.45145e+01 9.63220e-13
1.64338e+01 9.79690e-13
1.86068e+01 1.00107e-12
2.10671e+01 1.02970e-12
2.38528e+01 1.06988e-12
2.70069e+01 1.13014e-12
3.05780e+01 1.23074e-12
3.46212e+01 1.43407e-12
3.91992e+01 2.08264e-12
4.43824e+01 2.63633e-09
5.02511e+01 2.13471e-08
5.68957e+01 4.25074e-08
6.44190e+01 3.66106e-08
7.29371e+01 2.14067e-08
8.25815e+01 2.04593e-08
9.35011e+01 1.53058e-08
1.05865e+02 1.57945e-08
1.19863e+02 1.22115e-08
1.35712e+02 1.12565e-08
1.53658e+02 9.22475e-09
1.73976e+02 7.79663e-09
1.96980e+02 6.59621e-09
2.23027e+02 5.88734e-09
2.52517e+02 5.00114e-09
2.85907e+02 4.33720e-09
3.23712e+02 3.76074e-09
3.66517e+02 3.25641e-09
4.14981e+02 2.84642e-09
4.69853e+02 2.47925e-09
5.31981e+02 2.16120e-09
6.02325e+02 1.89256e-09
6.81970e+02 1.65638e-09
7.72146e+02 1.45205e-09
8.74246e+02 1.27408e-09
9.89846e+02 1.11852e-09
1.12073e+03 9.82403e-10
1.26893e+03 8.64019e-10
1.43672e+03 7.59941e-10
1.62669e+03 6.68857e-10
1.84179e+03 5.88969e-10
2.08532e+03 5.18815e-10
2.36106e+03 4.57151e-10
2.67326e+03 4.02946e-10
3.02675e+03 3.55286e-10
3.42697e+03 3.13331e-10
3.88012e+03 2.76379e-10
4.39318e+03 2.43850e-10
4.97409e+03 2.15180e-10
5.63180e+03 1.89909e-10
6.37649e+03 1.67634e-10
7.21965e+03 1.47996e-10
8.17430e+03 1.30672e-10
9.25517e+03 1.15394e-10
1.04790e+04 1.01910e-10
1.18646e+04 9.00147e-11
1.34334e+04 7.95160e-11
1.52097e+04 7.02497e-11
1.72209e+04 6.20702e-11
1.94980e+04 5.48492e-11
2.20762e+04 4.84724e-11
2.49953e+04 4.28417e-11
2.83004e+04 3.78689e-11
3.20426e+04 3.34785e-11
3.62795e+04 2.95985e-11
4.10767e+04 2.61727e-11
4.65083e+04 2.31469e-11
5.26580e+04 2.04727e-11
5.96209e+04 1.81102e-11
6.75045e+04 1.60222e-11
7.64306e+04 1.41769e-11
8.65369e+04 1.25459e-11
9.79796e+04 1.11036e-11
1.10935e+05 9.82830e-12
1.25604e+05 8.70061e-12
1.42213e+05 7.70294e-12
1.61017e+05 6.81991e-12
1.82309e+05 6.03807e-12
2.06415e+05 5.34534e-12
2.33709e+05 4.73129e-12
2.64612e+05 4.18636e-12
2.99602e+05 3.70225e-12
3.39218e+05 3.27140e-12
3.84072e+05 2.88713e-12
4.34857e+05 2.54340e-12
4.92358e+05 2.23460e-12
5.57462e+05 1.95577e-12
6.31175e+05 1.70220e-12
7.14634e+05 1.46945e-12
8.09130e+05 1.25310e-12
9.16120e+05 1.04865e-12
1.03726e+06 8.50767e-13
1.17441e+06 6.52223e-13
1.32970e+06 4.43660e-13
1.50553e+06 2.24364e-13
1.70461e+06 4.78376e-14
1.93000e+06 2.43314e-16
2.18521e+06 0.00000e+00
