1.00000e+01 9.97816e-06
1.08077e+01 9.64489e-06
1.16806e+01 8.88846e-06
1.26240e+01 8.17794e-06
1.36436e+01 7.66960e-06
1.47456e+01 6.98637e-06
1.59365e+01 6.56590e-06
1.72237e+01 6.10440e-06
1.86148e+01 5.65637e-06
2.01183e+01 5.19951e-06
2.17432e+01 4.86669e-06
2.34993e+01 4.47919e-06
2.53973e+01 4.13963e-06
2.74485e+01 3.85213e-06
2.96655e+01 3.56094e-06
3.20615e+01 3.30287e-06
3.46510e+01 3.05352e-06
3.74497e+01 2.83222e-06
4.04744e+01 2.61692e-06
4.37434e+01 2.41943e-06
4.72765e+01 2.24321e-06
5.10949e+01 2.07483e-06
5.52217e+01 1.92109e-06
5.96818e+01 1.77676e-06
6.45021e+01 1.64499e-06
6.97118e+01 1.52189e-06
7.53422e+01 1.40847e-06
8.14274e+01 1.30437e-06
8.80041e+01 1.20689e-06
9.51120e+01 1.11714e-06
1.02794e+02 1.03406e-06
1.11096e+02 9.57487e-07
1.20069e+02 8.86051e-07
1.29767e+02 8.20304e-07
1.40248e+02 7.59268e-07
1.51575e+02 7.02835e-07
1.63818e+02 6.50637e-07
1.77049e+02 6.02255e-07
1.91349e+02 5.57520e-07
2.06803e+02 5.16175e-07
2.23506e+02 4.77853e-07
2.41558e+02 4.42404e-07
2.61069e+02 4.09615e-07
2.82154e+02 3.79250e-07
3.04943e+02 3.51144e-07
3.29573e+02 3.25143e-07
3.56191e+02 3.01063e-07
3.84960e+02 2.78791e-07
4.16052e+02 2.58172e-07
4.49656e+02 2.39093e-07
4.85973e+02 2.21431e-07
5.25224e+02 2.05084e-07
5.67645e+02 1.89956e-07
6.13493e+02 1.75946e-07
6.63043e+02 1.62977e-07
7.16595e+02 1.50975e-07
7.74473e+02 1.39860e-07
8.37025e+02 1.29572e-07
9.04629e+02 1.20045e-07
9.77694e+02 1.11225e-07
1.05666e+03 1.03056e-07
1.14200e+03 9.54906e-08
1.23424e+03 8.84850e-08
1.33393e+03 8.19956e-08
1.44166e+03 7.59834e-08
1.55810e+03 7.04143e-08
1.68395e+03 6.52518e-08
1.81996e+03 6.04672e-08
1.96695e+03 5.60318e-08
2.12581e+03 5.19214e-08
2.29751e+03 4.81050e-08
2.48307e+03 4.45655e-08
2.68363e+03 4.12801e-08
2.90038e+03 3.82265e-08
3.13463e+03 3.53911e-08
3.38781e+03 3.27521e-08
3.66143e+03 3.02963e-08
3.95716e+03 2.80068e-08
4.27677e+03 2.58711e-08
4.62219e+03 2.38740e-08
4.99551e+03 2.20043e-08
5.39899e+03 2.02492e-08
5.83505e+03 1.85970e-08
6.30633e+03 1.70379e-08
6.81568e+03 1.55598e-08
7.36616e+03 1.41525e-08
7.96111e+03 1.28054e-08
8.60411e+03 1.15069e-08
9.29904e+03 1.02461e-08
1.00501e+04 9.00773e-09
1.08618e+04 7.77577e-09
1.17391e+04 6.52899e-09
1.26872e+04 5.24221e-09
1.37120e+04 3.89740e-09
1.48194e+04 2.51871e-09
1.60164e+04 1.24183e-09
1.73100e+04 3.45538e-10
1.87080e+04 2.17499e-11
2.02190e+04 2.57641e-15
2.18521e+04 0.00000e+00
