1.00000e+01 4.05085e-19
1.21404e+01 4.05089e-19
1.47389e+01 4.05088e-19
1.78935e+01 4.05088e-19
2.17234e+01 4.05088e-19
2.63730e+01 4.05085e-19
3.20178e+01 4.05089e-19
3.88707e+01 4.05085e-19
4.71905e+01 4.05087e-19
5.72910e+01 4.05087e-19
6.95534e+01 4.05085e-19
8.44404e+01 4.05085e-19
1.02514e+02 4.05088e-19
1.24455e+02 4.05085e-19
1.51093e+02 4.05085e-19
1.83433e+02 4.05089e-19
2.22694e+02 4.05086e-19
2.70359e+02 4.05089e-19
3.28226e+02 4.05086e-19
3.98478e+02 4.05090e-19
4.83767e+02 4.05087e-19
5.87311e+02 4.05090e-19
7.13018e+02 4.05088e-19
8.65630e+02 4.05089e-19
1.05091e+03 4.05089e-19
1.27584e+03 4.05090e-19
1.54891e+03 4.05091e-19
1.88044e+03 4.05095e-19
2.28292e+03 4.05097e-19
2.77155e+03 4.05098e-19
3.36477e+03 4.05101e-19
4.08495e+03 4.05104e-19
4.95928e+03 4.05106e-19
6.02075e+03 4.05111e-19
7.30941e+03 4.05117e-19
8.87389e+03 4.05125e-19
1.07732e+04 4.05133e-19
1.30791e+04 4.05143e-19
1.58785e+04 4.05155e-19
1.92771e+04 4.05170e-19
2.34031e+04 4.05188e-19
2.84122e+04 4.05207e-19
3.44935e+04 4.05235e-19
4.18763e+04 4.05267e-19
5.08394e+04 4.05306e-19
6.17209e+04 4.05351e-19
7.49314e+04 4.05409e-19
9.09695e+04 4.05477e-19
1.10440e+05 4.05562e-19
1.34079e+05 4.05662e-19
1.62776e+05 4.05786e-19
1.97617e+05 4.05935e-19
2.39914e+05 4.06120e-19
2.91264e+05 4.06341e-19
3.53605e+05 4.06611e-19
4.29290e+05 4.06938e-19
5.21174e+05 4.07341e-19
6.32724e+05 4.07828e-19
7.68150e+05 4.08423e-19
9.32562e+05 4.09150e-19
1.13216e+06 4.10038e-19
1.37449e+06 4.11128e-19
1.66868e+06 4.12463e-19
2.02584e+06 4.14109e-19
2.45944e+06 4.16139e-19
2.98586e+06 4.18653e-19
3.62494e+06 4.21779e-19
4.40081e+06 4.25694e-19
5.34274e+06 4.30629e-19
6.48629e+06 4.36911e-19
7.87459e+06 4.45011e-19
9.56004e+06 4.55615e-19
1.16062e+07 4.69815e-19
1.40904e+07 4.89405e-19
1.71063e+07 5.17620e-19
2.07676e+07 5.61013e-19
2.52127e+07 6.35362e-19
3.06091e+07 7.91554e-19
3.71606e+07 1.34975e-18
4.51143e+07 4.63418e-16
5.47704e+07 8.84773e-17
6.64933e+07 4.47865e-17
8.07253e+07 2.80735e-17
9.80035e+07 1.93624e-17
1.18980e+08 1.40917e-17
1.44446e+08 1.06098e-17
1.75363e+08 8.17361e-18
2.12897e+08 6.39920e-18
2.58464e+08 5.06771e-18
3.13785e+08 4.04472e-18
3.80947e+08 3.24296e-18
4.62484e+08 2.60271e-18
5.61472e+08 2.08126e-18
6.81648e+08 1.64633e-18
8.27545e+08 1.27210e-18
1.00467e+09 9.35112e-19
1.21971e+09 6.07676e-19
1.48077e+09 2.58578e-19
1.79771e+09 1.19992e-20
2.18248e+09 0.00000e+00
