1.00000e+01 2.72340e-21
1.24247e+01 2.72338e-21
1.54372e+01 2.72339e-21
1.91802e+01 2.72341e-21
2.38308e+01 2.72339e-21
2.96089e+01 2.72340e-21
3.67881e+01 2.72340e-21
4.57079e+01 2.72341e-21
5.67905e+01 2.72340e-21
7.05603e+01 2.72340e-21
8.76687e+01 2.72340e-21
1.08925e+02 2.72340e-21
1.35336e+02 2.72340e-21
1.68151e+02 2.72340e-21
2.08921e+02 2.72338e-21
2.59578e+02 2.72340e-21
3.22516e+02 2.72340e-21
4.00715e+02 2.72338e-21
4.97875e+02 2.72340e-21
6.18593e+02 2.72340e-21
7.68581e+02 2.72340e-21
9.54935e+02 2.72338e-21
1.18647e+03 2.72340e-21
1.47415e+03 2.72340e-21
1.83159e+03 2.72340e-21
2.27568e+03 2.72340e-21
2.82746e+03 2.72340e-21
3.51302e+03 2.72340e-21
4.36481e+03 2.72338e-21
5.42313e+03 2.72338e-21
6.73805e+03 2.72339e-21
8.37180e+03 2.72339e-21
1.04017e+04 2.72339e-21
1.29237e+04 2.72339e-21
1.60573e+04 2.72339e-21
1.99506e+04 2.72339e-21
2.47880e+04 2.72340e-21
3.07982e+04 2.72340e-21
3.82657e+04 2.72340e-21
4.75439e+04 2.72341e-21
5.90716e+04 2.72342e-21
7.33945e+04 2.72344e-21
9.11902e+04 2.72345e-21
1.13301e+05 2.72346e-21
1.40772e+05 2.72348e-21
1.74905e+05 2.72350e-21
2.17313e+05 2.72353e-21
2.70004e+05 2.72356e-21
3.35471e+05 2.72360e-21
4.16811e+05 2.72365e-21
5.17874e+05 2.72371e-21
6.43440e+05 2.72378e-21
7.99453e+05 2.72387e-21
9.93293e+05 2.72398e-21
1.23413e+06 2.72411e-21
1.53337e+06 2.72430e-21
1.90516e+06 2.72452e-21
2.36709e+06 2.72479e-21
2.94103e+06 2.72514e-21
3.65413e+06 2.72555e-21
4.54013e+06 2.72605e-21
5.64096e+06 2.72672e-21
7.00870e+06 2.72751e-21
8.70807e+06 2.72853e-21
1.08195e+07 2.72979e-21
1.34428e+07 2.73134e-21
1.67023e+07 2.73327e-21
2.07520e+07 2.73568e-21
2.57837e+07 2.73866e-21
3.20353e+07 2.74237e-21
3.98028e+07 2.74700e-21
4.94536e+07 2.75281e-21
6.14444e+07 2.76003e-21
7.63426e+07 2.76910e-21
9.48530e+07 2.78044e-21
1.17852e+08 2.79467e-21
1.46427e+08 2.81258e-21
1.81930e+08 2.83521e-21
2.26042e+08 2.86390e-21
2.80850e+08 2.90048e-21
3.48946e+08 2.94745e-21
4.33553e+08 3.00828e-21
5.38675e+08 3.08797e-21
6.69286e+08 3.19399e-21
8.31565e+08 3.33803e-21
1.03319e+09 3.53934e-21
1.28370e+09 3.83263e-21
1.59496e+09 4.28736e-21
1.98168e+09 5.06828e-21
2.46217e+09 6.69261e-21
3.05917e+09 1.21873e-20
3.80091e+09 5.88215e-19
4.72250e+09 9.10288e-20
5.86754e+09 4.42612e-20
7.29022e+09 2.63864e-20
9.05785e+09 1.66166e-20
1.12541e+10 9.99632e-21
1.39828e+10 4.46814e-21
1.73732e+10 3.12321e-22
2.15856e+10 0.00000e+00
