1.00000e+01 5.60660e-17
1.18614e+01 5.60661e-17
1.40693e+01 5.60663e-17
1.66881e+01 5.60662e-17
1.97944e+01 5.60664e-17
2.34790e+01 5.60664e-17
2.78493e+01 5.60668e-17
3.30332e+01 5.60669e-17
3.91819e+01 5.60670e-17
4.64752e+01 5.60677e-17
5.51261e+01 5.60681e-17
6.53873e+01 5.60683e-17
7.75584e+01 5.60687e-17
9.19951e+01 5.60694e-17
1.09119e+02 5.60701e-17
1.29430e+02 5.60711e-17
1.53522e+02 5.60720e-17
1.82099e+02 5.60733e-17
2.15995e+02 5.60746e-17
2.56200e+02 5.60762e-17
3.03889e+02 5.60782e-17
3.60455e+02 5.60804e-17
4.27549e+02 5.60828e-17
5.07133e+02 5.60860e-17
6.01531e+02 5.60898e-17
7.13499e+02 5.60948e-17
8.46310e+02 5.61002e-17
1.00384e+03 5.61062e-17
1.19070e+03 5.61141e-17
1.41233e+03 5.61232e-17
1.67522e+03 5.61337e-17
1.98705e+03 5.61464e-17
2.35691e+03 5.61616e-17
2.79563e+03 5.61797e-17
3.31601e+03 5.62008e-17
3.93325e+03 5.62257e-17
4.66538e+03 5.62565e-17
5.53379e+03 5.62923e-17
6.56384e+03 5.63349e-17
7.78563e+03 5.63858e-17
9.23485e+03 5.64468e-17
1.09538e+04 5.65187e-17
1.29928e+04 5.66056e-17
1.54112e+04 5.67090e-17
1.82799e+04 5.68333e-17
2.16825e+04 5.69826e-17
2.57184e+04 5.71622e-17
3.05056e+04 5.73788e-17
3.61839e+04 5.76422e-17
4.29192e+04 5.79617e-17
5.09081e+04 5.83548e-17
6.03841e+04 5.88387e-17
7.16240e+04 5.94402e-17
8.49561e+04 6.01970e-17
1.00770e+05 6.11616e-17
1.19527e+05 6.24134e-17
1.41776e+05 6.40798e-17
1.68166e+05 6.63717e-17
1.99468e+05 6.96772e-17
2.36597e+05 7.48038e-17
2.80637e+05 8.37683e-17
3.32874e+05 1.03541e-16
3.94835e+05 1.87730e-16
4.68330e+05 3.28746e-13
5.55504e+05 8.86465e-14
6.58906e+05 4.75201e-14
7.81554e+05 3.06652e-14
9.27032e+05 2.15926e-14
1.09959e+06 1.59889e-14
1.30427e+06 1.22300e-14
1.54704e+06 9.56655e-15
1.83501e+06 7.60561e-15
2.17657e+06 6.12038e-15
2.58172e+06 4.97161e-15
3.06228e+06 4.06816e-15
3.63229e+06 3.34840e-15
4.30840e+06 2.76916e-15
5.11037e+06 2.29888e-15
6.06161e+06 1.91465e-15
7.18991e+06 1.59889e-15
8.52824e+06 1.33821e-15
1.01157e+07 1.12217e-15
1.19986e+07 9.42466e-16
1.42320e+07 7.92570e-16
1.68812e+07 6.67173e-16
2.00234e+07 5.62066e-16
2.37506e+07 4.73681e-16
2.81715e+07 3.99140e-16
3.34153e+07 3.36056e-16
3.96352e+07 2.82414e-16
4.70129e+07 2.36511e-16
5.57638e+07 1.96856e-16
6.61437e+07 1.62149e-16
7.84556e+07 1.31179e-16
9.30593e+07 1.02751e-16
1.10381e+08 7.54444e-17
1.30928e+08 4.71727e-17
1.55298e+08 1.72429e-17
1.84206e+08 4.69370e-19
2.18494e+08 0.00000e+00
