1.00000e+01 1.83828e-23
1.27049e+01 1.83828e-23
1.61415e+01 1.83827e-23
2.05077e+01 1.83828e-23
2.60549e+01 1.83827e-23
3.31025e+01 1.83828e-23
4.20565e+01 1.83828e-23
5.34324e+01 1.83828e-23
6.78855e+01 1.83828e-23
8.62481e+01 1.83827e-23
1.09578e+02 1.83828e-23
1.39217e+02 1.83828e-23
1.76875e+02 1.83828e-23
2.24718e+02 1.83827e-23
2.85503e+02 1.83828e-23
3.62729e+02 1.83828e-23
4.60844e+02 1.83828e-23
5.85499e+02 1.83828e-23
7.43873e+02 1.83828e-23
9.45085e+02 1.83828e-23
1.20072e+03 1.83828e-23
1.52551e+03 1.83828e-23
1.93815e+03 1.83828e-23
2.46240e+03 1.83828e-23
3.12847e+03 1.83828e-23
3.97469e+03 1.83828e-23
5.04982e+03 1.83828e-23
6.41576e+03 1.83828e-23
8.15117e+03 1.83828e-23
1.03560e+04 1.83828e-23
1.31572e+04 1.83828e-23
1.67162e+04 1.83828e-23
2.12378e+04 1.83828e-23
2.69824e+04 1.83828e-23
3.42810e+04 1.83828e-23
4.35537e+04 1.83828e-23
5.53347e+04 1.83828e-23
7.03023e+04 1.83828e-23
8.93185e+04 1.83828e-23
1.13479e+05 1.83828e-23
1.44174e+05 1.83828e-23
1.83172e+05 1.83828e-23
2.32718e+05 1.83828e-23
2.95667e+05 1.83828e-23
3.75642e+05 1.83828e-23
4.77251e+05 1.83828e-23
6.06344e+05 1.83829e-23
7.70355e+05 1.83829e-23
9.78730e+05 1.83829e-23
1.24347e+06 1.83830e-23
1.57982e+06 1.83830e-23
2.00715e+06 1.83831e-23
2.55007e+06 1.83832e-23
3.23984e+06 1.83833e-23
4.11620e+06 1.83834e-23
5.22960e+06 1.83836e-23
6.64416e+06 1.83839e-23
8.44136e+06 1.83842e-23
1.07247e+07 1.83846e-23
1.36256e+07 1.83851e-23
1.73113e+07 1.83857e-23
2.19938e+07 1.83865e-23
2.79430e+07 1.83876e-23
3.55014e+07 1.83889e-23
4.51042e+07 1.83907e-23
5.73046e+07 1.83927e-23
7.28051e+07 1.83953e-23
9.24983e+07 1.83988e-23
1.17518e+08 1.84030e-23
1.49306e+08 1.84085e-23
1.89693e+08 1.84155e-23
2.41003e+08 1.84241e-23
3.06193e+08 1.84354e-23
3.89015e+08 1.84497e-23
4.94241e+08 1.84677e-23
6.27930e+08 1.84908e-23
7.97780e+08 1.85201e-23
1.01357e+09 1.85576e-23
1.28774e+09 1.86053e-23
1.63606e+09 1.86663e-23
2.07860e+09 1.87443e-23
2.64085e+09 1.88443e-23
3.35518e+09 1.89725e-23
4.26273e+09 1.91378e-23
5.41577e+09 1.93516e-23
6.88070e+09 1.96293e-23
8.74188e+09 1.99925e-23
1.11065e+10 2.04715e-23
1.41107e+10 2.11101e-23
1.79276e+10 2.19740e-23
2.27768e+10 2.31656e-23
2.89378e+10 2.48538e-23
3.67653e+10 2.73367e-23
4.67100e+10 3.11913e-23
5.93447e+10 3.76944e-23
7.53970e+10 5.02998e-23
9.57913e+10 8.24328e-23
1.21702e+11 2.74070e-22
1.54622e+11 5.45268e-23
1.96446e+11 0.00000e+00
