1.00000e+01 7.12033e-07
1.10620e+01 5.32685e-07
1.22368e+01 1.03571e-06
1.35363e+01 7.48039e-07
1.49738e+01 5.85115e-07
1.65640e+01 5.06235e-07
1.83231e+01 4.88942e-07
2.02690e+01 4.70825e-07
2.24216e+01 4.68637e-07
2.48027e+01 4.04937e-07
2.74367e+01 3.64803e-07
3.03505e+01 3.56204e-07
3.35737e+01 3.10490e-07
3.71392e+01 2.89011e-07
4.10833e+01 2.51331e-07
4.54463e+01 2.33302e-07
5.02727e+01 2.09283e-07
5.56116e+01 1.91700e-07
6.15175e+01 1.72200e-07
6.80506e+01 1.56707e-07
7.52775e+01 1.40450e-07
8.32719e+01 1.27520e-07
9.21153e+01 1.14956e-07
1.01898e+02 1.03933e-07
1.12719e+02 9.40199e-08
1.24690e+02 8.49170e-08
1.37932e+02 7.68685e-08
1.52580e+02 6.94303e-08
1.68784e+02 6.28797e-08
1.86709e+02 5.68002e-08
2.06537e+02 5.13855e-08
2.28471e+02 4.64090e-08
2.52734e+02 4.19623e-08
2.79575e+02 3.79396e-08
3.09265e+02 3.43186e-08
3.42109e+02 3.10171e-08
3.78440e+02 2.80462e-08
4.18630e+02 2.53571e-08
4.63088e+02 2.29230e-08
5.12268e+02 2.07253e-08
5.66670e+02 1.87414e-08
6.26850e+02 1.69468e-08
6.93421e+02 1.53229e-08
7.67062e+02 1.38553e-08
8.48523e+02 1.25291e-08
9.38635e+02 1.13304e-08
1.03832e+03 1.02463e-08
1.14859e+03 9.26623e-09
1.27056e+03 8.38047e-09
1.40550e+03 7.57942e-09
1.55476e+03 6.85542e-09
1.71987e+03 6.20089e-09
1.90252e+03 5.60904e-09
2.10457e+03 5.07389e-09
2.32807e+03 4.59005e-09
2.57531e+03 4.15266e-09
2.84880e+03 3.75713e-09
3.15134e+03 3.39937e-09
3.48601e+03 3.07599e-09
3.85623e+03 2.78356e-09
4.26575e+03 2.51904e-09
4.71877e+03 2.27990e-09
5.21990e+03 2.06356e-09
5.77425e+03 1.86794e-09
6.38747e+03 1.69092e-09
7.06581e+03 1.53087e-09
7.81619e+03 1.38607e-09
8.64626e+03 1.25509e-09
9.56449e+03 1.13654e-09
1.05802e+04 1.02931e-09
1.17038e+04 9.32213e-10
1.29468e+04 8.44333e-10
1.43217e+04 7.64792e-10
1.58427e+04 6.92760e-10
1.75251e+04 6.27507e-10
1.93863e+04 5.68361e-10
2.14451e+04 5.14775e-10
2.37225e+04 4.66155e-10
2.62418e+04 4.22033e-10
2.90287e+04 3.81958e-10
3.21115e+04 3.45515e-10
3.55217e+04 3.12343e-10
3.92941e+04 2.82080e-10
4.34671e+04 2.54427e-10
4.80833e+04 2.29087e-10
5.31897e+04 2.05782e-10
5.88383e+04 1.84261e-10
6.50869e+04 1.64277e-10
7.19991e+04 1.45595e-10
7.96453e+04 1.27981e-10
8.81036e+04 1.11192e-10
9.74601e+04 9.49577e-11
1.07810e+05 7.89472e-11
1.19260e+05 6.27144e-11
1.31925e+05 4.57358e-11
1.45935e+05 2.78987e-11
1.61433e+05 1.12795e-11
1.78577e+05 1.50576e-12
1.97542e+05 1.82100e-15
2.18521e+05 0.00000e+00
